-0.223 2.137 1.268|0.9594204 0.1800224 0.2068695 0.06564729
-0.2599416 2.113197 1.229856|0.9630406 0.137819 0.2200561 0.07165515
-0.3014931 2.14195 1.224562|0.9473081 0.1436068 0.2789309 0.06467089
-0.3014931 2.14195 1.224562|0.9473081 0.1436068 0.2789309 0.06467089
-0.3275408 2.178116 1.216789|0.9364442 0.14452 0.311336 0.07250035
-0.3553638 2.231131 1.22484|0.9358859 0.1546029 0.3059688 0.08123334
-0.383396 2.270627 1.232052|0.9308086 0.1626328 0.3151269 0.0885499
-0.4113312 2.302026 1.239282|0.9255248 0.1706177 0.3242043 0.09583902
-0.4391704 2.325325 1.24652|0.9200364 0.178556 0.333199 0.1030991
-0.4391704 2.325325 1.24652|0.9200364 0.178556 0.333199 0.1030991
-0.4669063 2.34053 1.253769|0.9143451 0.1864458 0.3421093 0.1103286
-0.49454 2.347642 1.26102|0.9084527 0.1942856 0.3509334 0.1175259
-0.5220778 2.346661 1.268279|0.9023618 0.2020739 0.3596696 0.1246895
-0.5495036 2.337591 1.275537|0.8960736 0.2098088 0.3683161 0.1318179
-0.5768283 2.320432 1.282787|0.8895903 0.2174889 0.3768711 0.1389095
-0.5768283 2.320432 1.282787|0.8895903 0.2174889 0.3768711 0.1389095
-0.6040446 2.29519 1.290034|0.8829143 0.2251125 0.3853331 0.1459629
-0.6311598 2.261863 1.297275|0.8760474 0.2326781 0.3937005 0.1529767
-0.6581617 2.220455 1.304497|0.8689917 0.2401843 0.4019716 0.1599492
-0.6850526 2.170969 1.311707|0.8617495 0.2476294 0.410145 0.1668792
-0.71184 2.113406 1.318904|0.854323 0.255012 0.4182188 0.1737651
-0.71184 2.113406 1.318904|0.854323 0.255012 0.4182188 0.1737651
-0.7453607 2.071351 1.336582|0.8440295 0.2588275 0.4303852 0.1881262
-0.7862886 2.043486 1.364162|0.8310742 0.262244 0.4448003 0.2066315
-0.830126 2.01407 1.394529|0.8175261 0.2683063 0.4581616 0.2230487
-0.874323 1.978555 1.425842|0.8021161 0.274415 0.4723479 0.2412343
-0.9180506 1.935076 1.457359|0.785542 0.2796318 0.4867162 0.2604562
-0.9180506 1.935076 1.457359|0.785542 0.2796318 0.4867162 0.2604562
-0.9614093 1.883405 1.488929|0.7682629 0.2845818 0.5006679 0.2794945
-1.005032 1.826184 1.52222|0.7478106 0.2871718 0.5163069 0.3028846
-1.049921 1.764043 1.557785|0.7251518 0.2891567 0.5319271 0.32802
-1.094603 1.694663 1.594146|0.7005895 0.2900492 0.547238 0.3543677
-1.140757 1.621014 1.633534|0.6745027 0.291396 0.560204 0.3825
-1.140757 1.621014 1.633534|0.6745027 0.291396 0.560204 0.3825
-1.187265 1.541144 1.674531|0.6467744 0.2925334 0.5714511 0.4117657
-1.23307 1.453335 1.715786|0.6177835 0.2929755 0.5815747 0.440772
-1.277953 1.357236 1.756898|0.5877792 0.2929333 0.5906443 0.4688766
-1.322123 1.254989 1.798906|0.5529977 0.2920408 0.5974758 0.5019249
-1.365126 1.144728 1.840873|0.5168304 0.2903214 0.6028452 0.5340202
-1.365126 1.144728 1.840873|0.5168304 0.2903214 0.6028452 0.5340202
-1.406826 1.026364 1.882514|0.4794762 0.2879167 0.6067827 0.5648198
-1.447235 0.9000221 1.923793|0.4410269 0.2848345 0.6092833 0.5942547
-1.486378 0.7658258 1.964685|0.4015766 0.2810841 0.6103452 0.6222595
-1.524288 0.6238973 2.005153|0.361221 0.2766761 0.6099705 0.6487726
-1.561003 0.4743534 2.045169|0.3200579 0.271623 0.608164 0.6737363
-1.596589 0.3173102 2.084718|0.278186 0.2659387 0.6049346 0.6970964
-1.596589 0.3173102 2.084718|0.278186 0.2659387 0.6049346 0.6970964
-1.586409 0.2675858 2.086317|0.2964473 0.3100557 0.60544 0.6703932
-1.579483 0.2399187 2.074535|0.3106064 0.3284107 0.6165628 0.6446088
-1.578867 0.232356 2.068511|0.3118297 0.3272877 0.6211836 0.6401376
-1.579531 0.2311683 2.06843|0.3114297 0.3270195 0.6215379 0.6401254
-1.578706 0.2303222 2.068616|0.3120688 0.3273315 0.6211443 0.6400367
-1.578706 0.2303222 2.068616|0.3120688 0.3273315 0.6211443 0.6400367
-1.578075 0.2299892 2.068866|0.3125824 0.3278311 0.6208451 0.6398207
-1.577776 0.2298452 2.068978|0.3126577 0.3280038 0.6208057 0.6397336
-1.578024 0.2298247 2.06886|0.3126368 0.3279585 0.6208504 0.6397237
-1.578246 0.2297975 2.068717|0.3124648 0.3278315 0.6209781 0.6397489
-1.578359 0.2298257 2.068686|0.3123756 0.3277577 0.6210183 0.6397914
-1.578359 0.2298257 2.068686|0.3123756 0.3277577 0.6210183 0.6397914
-1.578375 0.229853 2.068697|0.312354 0.3277575 0.6210092 0.6398107
-1.578328 0.2297819 2.06868|0.3124008 0.3276984 0.6210354 0.6397926
-1.578269 0.2298043 2.068734|0.3124425 0.3277262 0.620989 0.6398032
-1.577435 0.227345 2.066937|0.3134675 0.3273628 0.6225674 0.6379513
-1.578293 0.2283838 2.06674|0.3127429 0.3278569 0.6225383 0.6380814
-1.578293 0.2283838 2.06674|0.3127429 0.3278569 0.6225383 0.6380814
-1.57872 0.2297137 2.067952|0.3122743 0.3284508 0.6215854 0.638934
-1.578341 0.2297118 2.068347|0.3125512 0.3284399 0.6213026 0.6390791
-1.577707 0.2297225 2.068622|0.312997 0.3284355 0.621092 0.6390678
-1.577743 0.2299815 2.068799|0.3128968 0.3289571 0.6208662 0.6390681
-1.57791 0.2294918 2.06847|0.3128859 0.3285933 0.6211676 0.6389678
-1.57791 0.2294918 2.06847|0.3128859 0.3285933 0.6211676 0.6389678
-1.578174 0.229703 2.068602|0.3126475 0.3284682 0.6210927 0.6392215
-1.578193 0.2298559 2.068801|0.3126085 0.3284897 0.620946 0.6393719
-1.578121 0.2298627 2.068867|0.312661 0.328551 0.6208878 0.6393715
-1.578067 0.2298052 2.068746|0.3127164 0.3285072 0.6209814 0.6392761
-1.578141 0.2300116 2.068638|0.3126515 0.3285326 0.6210309 0.6392465
-1.578282 0.2297205 2.068449|0.3125701 0.3286007 0.6211712 0.639115
-1.578282 0.2297205 2.068449|0.3125701 0.3286007 0.6211712 0.639115
-1.57836 0.2295521 2.068364|0.3125195 0.3285125 0.6212592 0.6390996
-1.578395 0.2295356 2.068336|0.3124906 0.3284744 0.621284 0.6391092
-1.578402 0.2295297 2.068333|0.3124866 0.3284658 0.6212887 0.639111
-1.578408 0.2294888 2.06829|0.3124871 0.3284402 0.6213262 0.6390875
-1.578417 0.2294801 2.068279|0.3124834 0.3284257 0.6213372 0.6390861
-1.578417 0.2294801 2.068279|0.3124834 0.3284257 0.6213372 0.6390861
-1.57842 0.2294781 2.068278|0.3124815 0.3284217 0.6213407 0.6390855
-1.578418 0.2294762 2.06827|0.3124818 0.3284187 0.6213423 0.6390854
-1.578414 0.2294752 2.068271|0.312481 0.3284208 0.6213427 0.6390843
-1.578414 0.2294752 2.068271|0.312483 0.3284206 0.6213422 0.6390838
-1.578414 0.2294694 2.068271|0.3124834 0.3284215 0.621344 0.6390815
-1.578414 0.2294694 2.068271|0.3124834 0.3284215 0.621344 0.6390815
-1.57841 0.2294664 2.068273|0.3124872 0.3284191 0.621345 0.63908
-1.578413 0.2294655 2.06828|0.312487 0.3284208 0.6213422 0.6390819
-1.578407 0.2294694 2.068274|0.312488 0.328422 0.621342 0.6390809
-1.578413 0.2294723 2.06828|0.3124877 0.3284223 0.6213405 0.6390823
-1.578413 0.2294742 2.06828|0.312488 0.3284235 0.6213388 0.6390833
-1.578413 0.2294742 2.06828|0.312488 0.3284235 0.6213388 0.6390833
-1.578407 0.2294742 2.068274|0.3124879 0.3284239 0.6213375 0.6390844
-1.578409 0.2294752 2.068281|0.3124904 0.3284277 0.6213351 0.6390835
-1.578408 0.2294742 2.06829|0.3124918 0.3284264 0.6213339 0.6390847
-1.578401 0.2294781 2.068293|0.3124933 0.3284277 0.6213285 0.6390885
-1.5784 0.229481 2.068301|0.3124962 0.328433 0.6213234 0.6390893
-1.5784 0.229481 2.068301|0.3124962 0.328433 0.6213234 0.6390893
-1.578382 0.2295229 2.068357|0.3125027 0.3284533 0.6212758 0.639122
-1.578349 0.2295463 2.068393|0.3125241 0.328478 0.6212425 0.6391312
-1.578339 0.2295453 2.068413|0.3125327 0.3284954 0.6212289 0.6391312
-1.578504 0.2292581 2.068125|0.3124333 0.3286137 0.6214169 0.6389362
-1.578806 0.2292318 2.068021|0.3121963 0.3285345 0.6215126 0.6389998
-1.578808 0.2293116 2.068136|0.3121811 0.3283671 0.6214657 0.6391389
-1.578808 0.2293116 2.068136|0.3121811 0.3283671 0.6214657 0.6391389
-1.578577 0.2293623 2.068207|0.3123583 0.3283586 0.6214074 0.6391134
-1.578398 0.229518 2.068368|0.3124878 0.328414 0.6212807 0.6391448
-1.578271 0.2295667 2.068453|0.3125835 0.3285096 0.6211954 0.6391317
-1.578255 0.2295881 2.068442|0.3125918 0.3285051 0.6211982 0.6391273
-1.578303 0.2295677 2.068417|0.312562 0.3285029 0.6212214 0.6391203
-1.578303 0.2295677 2.068417|0.312562 0.3285029 0.6212214 0.6391203
-1.578332 0.2295375 2.068391|0.3125425 0.3284824 0.6212454 0.6391172
-1.578358 0.2295229 2.068373|0.3125201 0.3284702 0.6212618 0.6391184
-1.578374 0.2295112 2.068359|0.312509 0.3284617 0.621271 0.6391193
-1.578378 0.2295093 2.068358|0.3125056 0.3284571 0.6212741 0.6391203
-1.578371 0.2295122 2.068361|0.3125094 0.328458 0.621271 0.639121
-1.578371 0.2295122 2.068361|0.3125094 0.328458 0.621271 0.639121
-1.578366 0.2295151 2.068371|0.3125136 0.3284627 0.6212671 0.6391205
-1.578362 0.2295151 2.068372|0.3125153 0.3284656 0.6212649 0.6391201
-1.578362 0.2295151 2.068372|0.3125152 0.3284661 0.6212648 0.6391202
-1.578366 0.2295151 2.068371|0.3125157 0.3284658 0.6212651 0.6391196
-1.578366 0.2295151 2.068371|0.3125157 0.3284658 0.6212651 0.6391196
-1.578366 0.2295151 2.068371|0.3125157 0.3284658 0.6212651 0.6391196
-1.578366 0.2295151 2.068371|0.3125157 0.3284658 0.6212651 0.6391196
-1.578366 0.2295151 2.068371|0.3125157 0.3284658 0.6212651 0.6391196
-1.577335 0.2268553 2.066172|0.3136912 0.3289119 0.6228398 0.6367775
-1.576863 0.2271163 2.066343|0.3140608 0.3288808 0.6226937 0.6367542
-1.577197 0.2281852 2.067142|0.3138411 0.3294583 0.6219596 0.6372814
-1.577197 0.2281852 2.067142|0.3138411 0.3294583 0.6219596 0.6372814
-1.577561 0.2287557 2.067519|0.3133077 0.3292001 0.6217428 0.6378883
-1.577889 0.2291345 2.067884|0.3129837 0.3290538 0.6215066 0.638353
-1.577968 0.2292454 2.068055|0.3128997 0.3290662 0.6213886 0.6385027
-1.578072 0.2291968 2.067961|0.3128403 0.3290474 0.6214445 0.638487
-1.578102 0.2290527 2.067737|0.3128414 0.3289334 0.6216314 0.6383634
-1.578102 0.2290527 2.067737|0.3128414 0.3289334 0.6216314 0.6383634
-1.578105 0.2289514 2.067603|0.3128563 0.3288743 0.6217402 0.6382804
-1.578092 0.2289261 2.067576|0.3128679 0.3288645 0.621763 0.6382575
-1.578077 0.2289427 2.067605|0.3128801 0.3288858 0.6217359 0.6382669
-1.578114 0.2289261 2.067592|0.3128511 0.3288792 0.6217506 0.6382704
-1.578129 0.2289728 2.067612|0.312832 0.3288645 0.6217352 0.6383022
-1.578129 0.2289728 2.067612|0.312832 0.3288645 0.6217352 0.6383022
-1.578097 0.2289894 2.067664|0.3128563 0.328894 0.6216964 0.6383129
-1.57808 0.2289836 2.067662|0.312871 0.3289076 0.6216924 0.6383026
-1.578081 0.2289777 2.067653|0.3128713 0.3289075 0.6216996 0.6382955
-1.578082 0.2289767 2.067645|0.3128677 0.3288999 0.6217035 0.6382974
-1.578089 0.2289797 2.067651|0.3128645 0.3289008 0.6217029 0.638299
-1.578089 0.2289797 2.067651|0.3128645 0.3289008 0.6217029 0.638299
-1.578085 0.2289836 2.067652|0.3128632 0.3289007 0.6216995 0.6383032
-1.578105 0.229003 2.067662|0.3128498 0.3288934 0.6216937 0.6383191
-1.578302 0.2290692 2.067659|0.3126811 0.328825 0.6217124 0.6384187
-1.578416 0.229077 2.067595|0.3125944 0.328715 0.621774 0.6384578
-1.578463 0.2290186 2.067505|0.3125653 0.3286576 0.6218538 0.6384239
-1.578463 0.2290186 2.067505|0.3125653 0.3286576 0.6218538 0.6384239
-1.578464 0.2289397 2.067472|0.3125719 0.3286698 0.6218814 0.6383875
-1.578352 0.2289212 2.067543|0.3126552 0.3287563 0.6218138 0.6383681
-1.578339 0.2289164 2.067539|0.3126681 0.3287775 0.6218132 0.6383512
-1.578374 0.2289027 2.067511|0.3126457 0.3287531 0.6218436 0.6383453
-1.578396 0.228892 2.067479|0.312632 0.3287258 0.62187 0.6383404
-1.578396 0.228892 2.067479|0.312632 0.3287258 0.62187 0.6383404
-1.578407 0.2288911 2.067475|0.3126227 0.3287144 0.6218746 0.6383464
-1.578407 0.2288998 2.067475|0.3126176 0.3287115 0.6218717 0.6383533