-0.109 1.285 -0.579|0.9527209 -0.1838717 -0.1608726 0.1806492
-0.1371933 1.312755 -0.7020311|0.9705232 -0.1485232 -0.1487387 0.1179089
-0.167145 1.327334 -0.8034428|0.9812575 -0.1174784 -0.1292995 0.08132896
-0.167145 1.327334 -0.8034428|0.9812575 -0.1174784 -0.1292995 0.08132896
-0.1920514 1.331098 -0.9028094|0.9903691 -0.09956378 -0.08596659 0.04319661
-0.216225 1.325978 -1.002533|0.9957774 -0.08129569 -0.04235627 0.004941236
-0.2397521 1.311958 -1.102734|0.9974733 -0.06274322 0.001368135 -0.03329434
-0.2627338 1.289035 -1.203513|0.9954618 -0.04397617 0.04504384 -0.07136802
-0.2852785 1.257222 -1.304973|0.9897609 -0.02506481 0.08850887 -0.1091391
-0.2852785 1.257222 -1.304973|0.9897609 -0.02506481 0.08850887 -0.1091391
-0.3075052 1.216542 -1.407189|0.9804034 -0.006079577 0.131603 -0.1464685
-0.3295299 1.167028 -1.510241|0.9674345 0.01290915 0.174168 -0.1832197
-0.3514788 1.108731 -1.614182|0.950913 0.03183133 0.2160487 -0.2192591
-0.3734622 1.041712 -1.719074|0.9309102 0.05061751 0.2570927 -0.2544558
-0.395613 0.966038 -1.824938|0.90751 0.06919912 0.297152 -0.2886833
-0.395613 0.966038 -1.824938|0.90751 0.06919912 0.297152 -0.2886833
-0.4180391 0.881788 -1.931795|0.8808083 0.08750866 0.3360828 -0.321819
-0.4408613 0.7890484 -2.039654|0.8509129 0.10548 0.3737456 -0.353745
-0.4641829 0.6879128 -2.148501|0.8179424 0.1230484 0.4100072 -0.3843482
-0.4881032 0.5784776 -2.258312|0.7820261 0.1401512 0.4447395 -0.4135212
-0.4897833 0.4883725 -2.361433|0.7461327 0.1333306 0.4667049 -0.4557365
-0.4897833 0.4883725 -2.361433|0.7461327 0.1333306 0.4667049 -0.4557365
-0.4791861 0.4053773 -2.460269|0.7062317 0.1030922 0.4756907 -0.5141277
-0.4708213 0.3153004 -2.557627|0.6661215 0.07486239 0.4807754 -0.5652725
-0.4647939 0.2166297 -2.654513|0.6233105 0.04671333 0.4834125 -0.6128739
-0.4610787 0.1094335 -2.75087|0.577494 0.01836395 0.4836827 -0.6574305
-0.4594069 -0.005768421 -2.846368|0.5282257 -0.01194413 0.4807694 -0.6997827
-0.4594069 -0.005768421 -2.846368|0.5282257 -0.01194413 0.4807694 -0.6997827
-0.4882241 0.06512255 -2.88876|0.5792463 -0.07615574 0.4556101 -0.671635
-0.5071865 0.0826256 -2.930703|0.6116654 -0.142192 0.4072982 -0.6631404
-0.5276328 0.08598652 -2.975498|0.6277574 -0.197554 0.3682732 -0.65671
-0.5479916 0.08096106 -3.019924|0.6407694 -0.2518965 0.3274896 -0.6470806
-0.568243 0.06760572 -3.063935|0.6506473 -0.3049577 0.2851515 -0.6343088
-0.568243 0.06760572 -3.063935|0.6506473 -0.3049577 0.2851515 -0.6343088
-0.5867472 0.07536229 -3.088921|0.6739461 -0.3355693 0.2467189 -0.6101801
-0.6071066 0.08077644 -3.11149|0.6960385 -0.3603664 0.2127019 -0.5834592
-0.6283506 0.08039978 -3.133334|0.7169356 -0.3824736 0.1790895 -0.554657
-0.6451514 0.08245022 -3.155137|0.7294881 -0.4115274 0.1454998 -0.5266142
-0.6594946 0.08445878 -3.177485|0.7366857 -0.4402426 0.1118895 -0.5009607
-0.6594946 0.08445878 -3.177485|0.7366857 -0.4402426 0.1118895 -0.5009607
-0.6733994 0.08428071 -3.199945|0.7413284 -0.4678397 0.07823759 -0.4748026
-0.6873781 0.08151875 -3.222645|0.7439845 -0.4945497 0.04399107 -0.447183
-0.7016425 0.07587309 -3.245831|0.7446443 -0.5207828 0.008464776 -0.417395
-0.7164187 0.0667469 -3.269646|0.7431924 -0.5465882 -0.02883183 -0.3848054
-0.7316284 0.05372641 -3.294295|0.7389693 -0.5724556 -0.06877451 -0.3485528
-0.7468998 0.03553624 -3.319303|0.7311703 -0.5995452 -0.1118444 -0.3056577
-0.7468998 0.03553624 -3.319303|0.7311703 -0.5995452 -0.1118444 -0.3056577
-0.7599622 0.01672006 -3.345674|0.7146961 -0.6294281 -0.1568556 -0.2615842
-0.7708777 0.04141968 -3.352042|0.7226442 -0.6241189 -0.1672224 -0.2455564
-0.7789557 0.0564887 -3.357943|0.7215034 -0.6274789 -0.1858974 -0.226154
-0.785903 0.06310613 -3.366214|0.7184982 -0.6322887 -0.20081 -0.2089191
-0.7918577 0.06682619 -3.373565|0.7153519 -0.6362288 -0.2132832 -0.1949234
-0.7918577 0.06682619 -3.373565|0.7153519 -0.6362288 -0.2132832 -0.1949234
-0.7967129 0.06933609 -3.379565|0.7125764 -0.6392508 -0.2233025 -0.1836562
-0.8004842 0.07108368 -3.384277|0.7103244 -0.6414971 -0.2309106 -0.174932
-0.8032429 0.07228119 -3.387708|0.7085913 -0.6430831 -0.2365124 -0.1685365
-0.8050412 0.07302209 -3.389935|0.7074317 -0.6440894 -0.2401493 -0.1643711
-0.8059212 0.07334629 -3.391062|0.7069001 -0.6445615 -0.2417749 -0.1624128
-0.8059212 0.07334629 -3.391062|0.7069001 -0.6445615 -0.2417749 -0.1624128
-0.8058797 0.07333558 -3.391015|0.7069256 -0.6445422 -0.2416918 -0.1625019
-0.8049509 0.07285658 -3.389863|0.7075492 -0.6440208 -0.2397621 -0.1646989
-0.8030578 0.0721663 -3.387505|0.7087426 -0.6429756 -0.2359937 -0.1690377
-0.8002138 0.0709425 -3.383986|0.7105195 -0.6413397 -0.2302159 -0.1756314
-0.7963719 0.06911995 -3.379192|0.7128495 -0.6390233 -0.2223113 -0.1845881
-0.7963719 0.06911995 -3.379192|0.7128495 -0.6390233 -0.2223113 -0.1845881
-0.7914582 0.06653216 -3.373122|0.7157229 -0.6358842 -0.211955 -0.1961311
-0.7854045 0.06298443 -3.365605|0.7190074 -0.6317548 -0.1991177 -0.2103963
-0.7782921 0.05799288 -3.356618|0.722628 -0.6260332 -0.1832459 -0.228719
-0.7699246 0.05132968 -3.345979|0.726451 -0.6186044 -0.1639746 -0.2504201
-0.7601879 0.04230557 -3.333781|0.7299918 -0.6093177 -0.1409104 -0.27566
-0.7601879 0.04230557 -3.333781|0.7299918 -0.6093177 -0.1409104 -0.27566
-0.7484903 0.0338802 -3.321738|0.7304989 -0.6008819 -0.1150161 -0.3034532
-0.744028 0.03562677 -3.315255|0.7325634 -0.5948589 -0.1041677 -0.3140748
-0.7427312 0.03848809 -3.312518|0.7338986 -0.5913724 -0.09853691 -0.319315
-0.7424068 0.03904497 -3.311977|0.7339877 -0.5910347 -0.09805053 -0.3198844
-0.7435611 0.03751842 -3.31385|0.733309 -0.5930851 -0.1014916 -0.3165561
-0.7460893 0.03368839 -3.31801|0.7316568 -0.5977013 -0.1092022 -0.3090414
-0.7460893 0.03368839 -3.31801|0.7316568 -0.5977013 -0.1092022 -0.3090414
-0.748153 0.03280245 -3.321127|0.7308747 -0.6003391 -0.1139879 -0.30401
-0.7496253 0.03313639 -3.322615|0.730943 -0.6013076 -0.1169829 -0.300777
-0.7495365 0.03290761 -3.322634|0.7307867 -0.6014366 -0.116894 -0.3009332
-0.748829 0.0325026 -3.321723|0.7306803 -0.6010118 -0.115332 -0.3026384
-0.7481233 0.03250064 -3.321142|0.7308246 -0.6004051 -0.1140473 -0.3039778
-0.7481233 0.03250064 -3.321142|0.7308246 -0.6004051 -0.1140473 -0.3039778
-0.7479385 0.03255322 -3.320913|0.7308701 -0.6002137 -0.1136374 -0.3043995
-0.7479609 0.0325133 -3.321003|0.7308673 -0.6002316 -0.1136633 -0.3043615
-0.7480672 0.03249188 -3.321089|0.7308325 -0.6003385 -0.1138563 -0.3041618
-0.7481258 0.03248117 -3.321134|0.7308165 -0.6003929 -0.1139646 -0.3040522
-0.748138 0.03247825 -3.321147|0.7308138 -0.6004028 -0.1139854 -0.3040314
-0.748138 0.03247825 -3.321147|0.7308138 -0.6004028 -0.1139854 -0.3040314
-0.7481233 0.03247923 -3.321142|0.7308157 -0.6003964 -0.1139733 -0.3040441
-0.7481147 0.03248117 -3.32113|0.7308181 -0.600388 -0.1139572 -0.304061
-0.7481111 0.03248117 -3.321129|0.7308198 -0.6003829 -0.1139472 -0.3040706
-0.7481147 0.03248117 -3.32113|0.7308195 -0.6003838 -0.1139479 -0.3040695
-0.7481147 0.03248117 -3.32113|0.7308191 -0.6003855 -0.1139512 -0.3040656
-0.7481147 0.03248117 -3.32113|0.7308191 -0.6003855 -0.1139512 -0.3040656
-0.7481147 0.0324802 -3.32113|0.7308187 -0.600385 -0.1139527 -0.3040668