-0.532 1.472 0.766|0.9754956 0.1460231 -0.1627638 0.02436626
-0.5820075 1.456159 0.7973124|0.983313 0.1559716 -0.09128317 0.02087751
-0.657689 1.436055 0.8128479|0.9851195 0.1435098 -0.09146029 0.02407664
-0.657689 1.436055 0.8128479|0.9851195 0.1435098 -0.09146029 0.02407664
-0.7314536 1.420388 0.8284511|0.9867352 0.1230897 -0.1036214 0.02157894
-0.8035937 1.389442 0.8447548|0.9859194 0.1132809 -0.1214031 0.01979334
-0.8756592 1.350443 0.8610924|0.9846948 0.1034349 -0.1391166 0.01800131
-0.9476473 1.30339 0.8774567|0.983063 0.09355579 -0.1567548 0.0162036
-1.019562 1.248282 0.8938463|0.9810258 0.08364783 -0.1743103 0.01440097
-1.019562 1.248282 0.8938463|0.9810258 0.08364783 -0.1743103 0.01440097
-1.091404 1.18512 0.9102774|0.9785854 0.07371522 -0.1917763 0.01259421
-1.163178 1.113901 0.9267487|0.9757439 0.06376214 -0.2091457 0.01078405
-1.234887 1.034628 0.9432586|0.9725037 0.05379278 -0.2264117 0.008971269
-1.306527 0.9472979 0.9598088|0.9688676 0.0438113 -0.2435675 0.007156613
-1.378108 0.8519112 0.9764125|0.9648378 0.03382185 -0.2606063 0.005340841
-1.378108 0.8519112 0.9764125|0.9648378 0.03382185 -0.2606063 0.005340841
-1.44963 0.7484673 0.9930611|0.9604175 0.02382855 -0.2775215 0.003524699
-1.513501 0.7229015 1.001943|0.9651289 0.04976268 -0.2554628 0.02808468
-1.574514 0.7172422 1.012239|0.9667523 0.07404352 -0.2390769 0.05243918
-1.635449 0.7116951 1.022916|0.9644051 0.09748667 -0.2330114 0.07826211
-1.696572 0.7024532 1.033685|0.9600489 0.1213393 -0.2294825 0.1045026
-1.696572 0.7024532 1.033685|0.9600489 0.1213393 -0.2294825 0.1045026
-1.758015 0.6885273 1.044583|0.9542742 0.1455448 -0.2257071 0.1312785
-1.820047 0.6696782 1.055623|0.9469462 0.1697758 -0.2225887 0.1578719
-1.882667 0.6455688 1.066766|0.9376535 0.1946557 -0.2206354 0.185028
-1.945806 0.6154895 1.077968|0.9263248 0.2203013 -0.219396 0.2127328
-2.009333 0.5789621 1.089127|0.9125692 0.2470621 -0.2192252 0.2410774
-2.009333 0.5789621 1.089127|0.9125692 0.2470621 -0.2192252 0.2410774
-2.07287 0.5351807 1.10011|0.895971 0.27521 -0.2205489 0.2699148
-2.136047 0.4835231 1.110838|0.8766757 0.3045084 -0.2216326 0.299322
-2.198451 0.4235424 1.121248|0.8545741 0.3348387 -0.221978 0.3291079
-2.259924 0.3552055 1.131287|0.8294557 0.3660702 -0.2215346 0.3590522
-2.320322 0.2785075 1.140921|0.8012408 0.3979382 -0.2203135 0.3887422
-2.320322 0.2785075 1.140921|0.8012408 0.3979382 -0.2203135 0.3887422
-2.379468 0.1935196 1.150115|0.7696293 0.4304487 -0.2181932 0.4180629
-2.437149 0.100337 1.158784|0.73433 0.4635508 -0.215057 0.4468007
-2.493118 -0.0008950044 1.166865|0.6949751 0.4972215 -0.2107483 0.474727
-2.486585 0.03439609 1.148677|0.7158442 0.4656735 -0.1907851 0.4840625
-2.487848 0.04111085 1.133634|0.7225794 0.4463782 -0.1701929 0.49966
-2.487848 0.04111085 1.133634|0.7225794 0.4463782 -0.1701929 0.49966
-2.490043 0.03780658 1.119052|0.7275475 0.42722 -0.1484902 0.5158571
-2.492873 0.03135181 1.10337|0.7315076 0.4058414 -0.1238467 0.533715
-2.496353 0.02321082 1.085881|0.7343287 0.3809306 -0.09507664 0.5537273
-2.499857 0.01307985 1.069406|0.7352201 0.3556129 -0.06666813 0.5731897
-2.501468 0.01166916 1.061048|0.7355502 0.3436223 -0.05365907 0.5813867
-2.501263 0.01351408 1.058375|0.7368245 0.3374985 -0.04760361 0.583882
-2.501263 0.01351408 1.058375|0.7368245 0.3374985 -0.04760361 0.583882
-2.501199 0.01376721 1.058381|0.7369263 0.3377592 -0.04796078 0.5835738
-2.501093 0.01208876 1.061285|0.7363134 0.342374 -0.05264923 0.5812494
-2.500771 0.01006665 1.06451|0.7354432 0.3483743 -0.05879061 0.5781891
-2.500612 0.009573039 1.066353|0.7350469 0.3511901 -0.06168412 0.5766858
-2.500584 0.00947276 1.066618|0.7349873 0.3516516 -0.06213816 0.576432
-2.500584 0.00947276 1.066618|0.7349873 0.3516516 -0.06213816 0.576432
-2.500605 0.009449396 1.066141|0.7350784 0.3511106 -0.06161427 0.5767018
-2.500645 0.009442581 1.065756|0.7351899 0.3504498 -0.06094339 0.5770327
-2.500672 0.009439661 1.065632|0.7352354 0.3501782 -0.06066028 0.5771695
-2.500664 0.009437714 1.065643|0.7352331 0.3501943 -0.06067342 0.5771615
-2.500654 0.009438688 1.065687|0.7352213 0.3502697 -0.06074627 0.5771231
-2.500654 0.009438688 1.065687|0.7352213 0.3502697 -0.06074627 0.5771231
-2.500657 0.009439661 1.065719|0.7352129 0.3503183 -0.06079831 0.5770987
-2.500656 0.00943966 1.065728|0.7352114 0.35033 -0.06080794 0.5770926
-2.500656 0.00943966 1.065728|0.7352114 0.35033 -0.06080794 0.5770926
-2.500656 0.00943966 1.065728|0.7352114 0.35033 -0.06080794 0.5770926
-2.500656 0.00943966 1.065728|0.7352114 0.35033 -0.06080794 0.5770926
-2.500656 0.00943966 1.065728|0.7352114 0.35033 -0.06080794 0.5770926
-2.500656 0.00943966 1.065728|0.7352114 0.35033 -0.06080794 0.5770926
-2.500656 0.00943966 1.065728|0.7352114 0.35033 -0.06080794 0.5770926
-2.500656 0.00943966 1.065728|0.7352114 0.35033 -0.06080794 0.5770926
-2.500656 0.00943966 1.065728|0.7352114 0.35033 -0.06080794 0.5770926
-2.500656 0.00943966 1.065728|0.7352114 0.35033 -0.06080794 0.5770926
-2.500656 0.00943966 1.065728|0.7352114 0.35033 -0.06080794 0.5770926
-2.500656 0.00943966 1.065728|0.7352114 0.35033 -0.06080794 0.5770926
-2.500656 0.00943966 1.065728|0.7352114 0.35033 -0.06080794 0.5770926
-2.500656 0.00943966 1.065728|0.7352114 0.35033 -0.06080794 0.5770926
-2.500656 0.00943966 1.065728|0.7352114 0.35033 -0.06080794 0.5770926
-2.500656 0.00943966 1.065728|0.7352114 0.35033 -0.06080794 0.5770926
-2.500656 0.00943966 1.065728|0.7352114 0.35033 -0.06080794 0.5770926
-2.500656 0.00943966 1.065728|0.7352114 0.35033 -0.06080794 0.5770926
-2.500656 0.00943966 1.065728|0.7352114 0.35033 -0.06080794 0.5770926
-2.500656 0.00943966 1.065728|0.7352114 0.35033 -0.06080794 0.5770926
-2.500656 0.00943966 1.065728|0.7352114 0.35033 -0.06080794 0.5770926
-2.500656 0.00943966 1.065728|0.7352114 0.35033 -0.06080794 0.5770926
-2.500656 0.00943966 1.065728|0.7352114 0.35033 -0.06080794 0.5770926
-2.500656 0.00943966 1.065728|0.7352114 0.35033 -0.06080794 0.5770926
-2.500656 0.00943966 1.065728|0.7352114 0.35033 -0.06080794 0.5770926
-2.500656 0.00943966 1.065728|0.7352114 0.35033 -0.06080794 0.5770926
-2.500656 0.00943966 1.065728|0.7352114 0.35033 -0.06080794 0.5770926
-2.500656 0.00943966 1.065728|0.7352114 0.35033 -0.06080794 0.5770926
-2.500581 0.008759132 1.065581|0.7361675 0.3487509 -0.05978435 0.576937
-2.500581 0.008759132 1.065581|0.7361675 0.3487509 -0.05978435 0.576937
-2.500576 0.009075543 1.066439|0.7352878 0.3512752 -0.06183846 0.5763106
-2.500622 0.009154401 1.067659|0.7348046 0.3530608 -0.06361057 0.5756423
-2.500495 0.009273176 1.06753|0.7348824 0.3528942 -0.06344298 0.5756639
-2.500492 0.009251758 1.067366|0.734908 0.3528361 -0.06341417 0.57567
-2.500481 0.00928486 1.066571|0.7351731 0.3516395 -0.06224994 0.5761902
-2.500481 0.00928486 1.066571|0.7351731 0.3516395 -0.06224994 0.5761902
-2.500501 0.009228393 1.066424|0.7352762 0.3512978 -0.06173988 0.5763222
-2.500499 0.009266364 1.065881|0.7354425 0.3504364 -0.06108648 0.5767039
-2.500552 0.009205028 1.065904|0.7355062 0.3502358 -0.06092732 0.5767614
-2.501271 0.01026915 1.063069|0.7351737 0.3464573 -0.05652575 0.5799071
-2.501555 0.01017472 1.062328|0.7351214 0.3454895 -0.05543059 0.5806558
-2.501555 0.01017472 1.062328|0.7351214 0.3454895 -0.05543059 0.5806558
-2.500849 0.009392933 1.063601|0.7356817 0.3469845 -0.05736824 0.5788638
-2.500613 0.00920503 1.064803|0.7356083 0.3486546 -0.0594318 0.5777444
-2.500561 0.00915051 1.065382|0.7356014 0.349305 -0.06011701 0.5772891
-2.500486 0.009367616 1.065259|0.7355899 0.349547 -0.06018352 0.5771504
-2.500638 0.009430899 1.065545|0.7353173 0.3500112 -0.06052458 0.5771806
-2.500654 0.009438687 1.065745|0.7352185 0.3503457 -0.06083263 0.5770714
-2.500654 0.009438687 1.065745|0.7352185 0.3503457 -0.06083263 0.5770714
-2.500648 0.009440633 1.065788|0.7351952 0.3504392 -0.06091893 0.5770348
-2.500654 0.009441608 1.06577|0.7352 0.3504037 -0.06088194 0.5770543
-2.500657 0.009440633 1.065744|0.7352076 0.3503558 -0.06083342 0.5770789
-2.500662 0.009440634 1.065734|0.7352113 0.3503311 -0.0608112 0.5770916
-2.50066 0.009440634 1.065727|0.7352112 0.350331 -0.06081137 0.5770919
-2.50066 0.009440634 1.065727|0.7352112 0.350331 -0.06081137 0.5770919
-2.50066 0.009441609 1.065727|0.7352114 0.3503305 -0.06081125 0.5770919
-2.50066 0.009440634 1.065727|0.7352108 0.350333 -0.06081402 0.5770906
-2.500656 0.009441608 1.065728|0.7352106 0.3503354 -0.06081411 0.5770894
-2.500656 0.009441608 1.065728|0.7352106 0.3503354 -0.06081411 0.5770894
-2.50066 0.009441609 1.065727|0.7352112 0.3503334 -0.06081231 0.5770904
-2.50066 0.009441609 1.065727|0.7352112 0.3503334 -0.06081231 0.5770904
-2.50066 0.009441609 1.065727|0.7352109 0.3503338 -0.06081299 0.5770903
-2.50066 0.009441609 1.065727|0.7352107 0.3503351 -0.0608146 0.5770894
-2.50066 0.009441609 1.065727|0.7352105 0.3503358 -0.06081558 0.5770891
-2.500217 0.00956525 1.06522|0.735424 0.3503426 -0.06084275 0.57681
-2.500213 0.009557462 1.065065|0.7355601 0.3499776 -0.0605284 0.5768913
-2.500213 0.009557462 1.065065|0.7355601 0.3499776 -0.0605284 0.5768913
-2.500331 0.009492233 1.065156|0.7355809 0.3497988 -0.06039871 0.5769867
-2.500511 0.009400717 1.065547|0.73546 0.35003 -0.06063122 0.5769761
-2.500624 0.009433819 1.06578|0.7352371 0.3504184 -0.06092729 0.5769934
-2.500647 0.00943966 1.065822|0.7351925 0.3504897 -0.06097589 0.5770016
-2.500653 0.00943966 1.065778|0.7351972 0.3504252 -0.06090625 0.5770423
-2.500653 0.00943966 1.065778|0.7351972 0.3504252 -0.06090625 0.5770423
-2.500661 0.009440633 1.065743|0.7352079 0.3503542 -0.06083377 0.5770797
-2.50066 0.009440634 1.065727|0.7352117 0.3503287 -0.06080823 0.5770927
-2.50066 0.009440634 1.065727|0.7352127 0.3503262 -0.06080195 0.5770938
-2.50066 0.009440634 1.065727|0.7352111 0.3503321 -0.06081226 0.5770912
-2.50066 0.009441609 1.065727|0.7352108 0.3503337 -0.06081414 0.5770904
-2.50066 0.009441609 1.065727|0.7352108 0.3503337 -0.06081414 0.5770904
-2.50066 0.009441609 1.065727|0.7352106 0.350335 -0.06081576 0.5770897
-2.50066 0.009441609 1.065727|0.7352104 0.3503355 -0.0608165 0.5770895
-2.50066 0.009441609 1.065727|0.7352104 0.3503354 -0.06081673 0.5770895
-2.50066 0.009441609 1.065727|0.7352105 0.3503351 -0.06081674 0.5770896
-2.50066 0.009441609 1.065727|0.7352105 0.3503351 -0.06081674 0.5770896
-2.50066 0.009441609 1.065727|0.7352105 0.3503351 -0.06081674 0.5770896
-2.50066 0.009441609 1.065727|0.7352105 0.3503351 -0.06081674 0.5770896
-2.500663 0.009441609 1.065725|0.735211 0.3503326 -0.06081443 0.5770908
-2.500663 0.009441609 1.065725|0.7352108 0.3503327 -0.06081478 0.5770909
-2.500663 0.009441609 1.065725|0.7352106 0.3503339 -0.06081624 0.5770903
-2.500663 0.009441609 1.065725|0.7352104 0.3503346 -0.06081721 0.5770898
-2.500663 0.009441609 1.065725|0.7352104 0.3503346 -0.06081721 0.5770898
-2.500663 0.009441609 1.065725|0.7352103 0.3503347 -0.06081755 0.5770898
-2.500636 0.00942311 1.065718|0.7352518 0.3503146 -0.06082457 0.5770485
-2.50072 0.009496129 1.064981|0.7354881 0.3490123 -0.05953345 0.577671
-2.50073 0.00951755 1.06445|0.7355608 0.348436 -0.05897917 0.577983
-2.500745 0.009486396 1.06442|0.7355602 0.3483954 -0.05892133 0.5780141
-2.500745 0.009486396 1.06442|0.7355602 0.3483954 -0.05892133 0.5780141
-2.50101 0.009623668 1.064724|0.7353435 0.348366 -0.05874646 0.5783253
-2.500938 0.009613933 1.06498|0.7352507 0.3489228 -0.0592939 0.5780516
-2.500799 0.009558438 1.065308|0.735217 0.349599 -0.06000905 0.577612
-2.500758 0.009500996 1.065487|0.7352213 0.3498693 -0.06031176 0.5774113
-2.500759 0.009482498 1.06556|0.7352149 0.3499531 -0.06041063 0.5773582
-2.500759 0.009482498 1.06556|0.7352149 0.3499531 -0.06041063 0.5773582
-2.500775 0.009484446 1.065547|0.7352132 0.3499156 -0.06036598 0.577388
-2.500773 0.009489314 1.065482|0.7352293 0.3498341 -0.06028504 0.5774252