-0.8807642 1.848419 0.4251992|0.5846148 -0.06417098 0.7773738 0.223154
-0.9791675 1.896313 0.4392507|0.6186494 -0.03639787 0.7694053 0.154802
-1.012114 1.89597 0.4341977|0.6503364 -0.02727333 0.7489461 0.1240911
-1.012114 1.89597 0.4341977|0.6503364 -0.02727333 0.7489461 0.1240911
-1.052869 1.888772 0.4247297|0.6738759 -0.02378959 0.7319648 0.09773918
-1.091515 1.879364 0.4172331|0.6953261 -0.01655525 0.7147039 0.07379788
-1.129974 1.861461 0.4102459|0.7157942 -0.009305273 0.6964729 0.04977857
-1.168289 1.83506 0.4037614|0.7352548 -0.002049714 0.6772998 0.02571464
-1.213548 1.803525 0.3975101|0.7480106 0.003137955 0.6636433 0.006921859
-1.213548 1.803525 0.3975101|0.7480106 0.003137955 0.6636433 0.006921859
-1.264312 1.768884 0.3913125|0.754411 0.00712686 0.6563321 -0.006437883
-1.315019 1.726027 0.3852338|0.7606627 0.01116701 0.6487491 -0.01981299
-1.365731 1.675007 0.3792682|0.7666864 0.01519986 0.6409844 -0.03316896
-1.416458 1.615825 0.3734047|0.772481 0.01922426 0.6330413 -0.04650193
-1.467204 1.548483 0.367642|0.7780458 0.02323906 0.6249222 -0.05980806
-1.467204 1.548483 0.367642|0.7780458 0.02323906 0.6249222 -0.05980806
-1.517977 1.472982 0.3619935|0.7833797 0.02724311 0.6166304 -0.07308358
-1.568779 1.389322 0.356442|0.7884818 0.0312353 0.6081686 -0.08632468
-1.611078 1.395951 0.3579015|0.7939242 0.02699754 0.6030279 -0.07288945
-1.653692 1.396888 0.3594501|0.792985 0.02338783 0.6058369 -0.05991378
-1.696479 1.396644 0.361524|0.793308 0.01970888 0.6067055 -0.04671633
-1.696479 1.396644 0.361524|0.793308 0.01970888 0.6067055 -0.04671633
-1.739551 1.393821 0.363994|0.7941929 0.01609226 0.6065387 -0.03330805
-1.783185 1.389834 0.3669459|0.7945882 0.01258671 0.6066986 -0.01969676
-1.827231 1.387196 0.3688824|0.795409 0.008744026 0.60598 -0.006027409
-1.871744 1.384007 0.369809|0.7958828 0.00458223 0.6053847 0.007682898
-1.914964 1.388894 0.3687429|0.7964189 2.645949E-05 0.6043904 0.0207158
-1.914964 1.388894 0.3687429|0.7964189 2.645949E-05 0.6043904 0.0207158
-1.957264 1.393254 0.3682578|0.7959464 -0.004336264 0.6044239 0.03350517
-1.998935 1.39661 0.3680637|0.7954913 -0.008538914 0.6041495 0.04609161
-2.040235 1.397461 0.3680964|0.795231 -0.01265566 0.6033336 0.05861849
-2.081247 1.397626 0.3684264|0.7948285 -0.01662621 0.6024292 0.07106575
-2.122123 1.396757 0.3690337|0.79437 -0.0204816 0.6013028 0.08361732
-2.122123 1.396757 0.3690337|0.79437 -0.0204816 0.6013028 0.08361732
-2.163057 1.394811 0.3699261|0.7938716 -0.02422222 0.5999348 0.09622589
-2.20426 1.39177 0.3711211|0.793151 -0.02792751 0.5985864 0.1087476
-2.245857 1.387598 0.3726089|0.7919653 -0.03155668 0.5975336 0.1214454
-2.288018 1.382222 0.3743962|0.7907004 -0.03515531 0.5962437 0.1343529
-2.330894 1.375542 0.3764889|0.7891667 -0.03873355 0.5949333 0.1475473
-2.330894 1.375542 0.3764889|0.7891667 -0.03873355 0.5949333 0.1475473
-2.374665 1.367458 0.3789073|0.7876212 -0.0423006 0.5932304 0.1610631
-2.41946 1.357827 0.3816315|0.7857583 -0.04587968 0.5914884 0.1749876
-2.465441 1.346498 0.3846882|0.7838882 -0.0494643 0.589254 0.1893476
-2.512733 1.333262 0.388059|0.7815864 -0.05309557 0.5870166 0.2042425
-2.561469 1.317831 0.3917471|0.7796039 -0.05669802 0.5837332 0.2196786
-2.611745 1.30005 0.3957531|0.7770479 -0.06036864 0.5804735 0.2358027
-2.611745 1.30005 0.3957531|0.7770479 -0.06036864 0.5804735 0.2358027
-2.663701 1.279673 0.4000693|0.7745708 -0.06402268 0.5763222 0.2525745
-2.717315 1.256256 0.4047031|0.7711581 -0.06782246 0.5724811 0.2701496
-2.772737 1.229585 0.4096445|0.7676781 -0.07161849 0.5677367 0.2884718
-2.829835 1.199104 0.414906|0.762988 -0.07566042 0.5634122 0.30772
-2.888728 1.164558 0.4204627|0.7580388 -0.07972287 0.5581883 0.327792
-2.888728 1.164558 0.4204627|0.7580388 -0.07972287 0.5581883 0.327792
-2.949103 1.125258 0.4263158|0.7515662 -0.08417542 0.5534682 0.3489066
-3.011067 1.080945 0.4324528|0.7444944 -0.08872446 0.548027 0.3708403
-3.074359 1.031072 0.4388075|0.7368075 -0.09334106 0.5415839 0.3938137
-3.138609 0.9749919 0.4453259|0.7284228 -0.09799346 0.5340452 0.4178436
-3.203377 0.9120701 0.4519128|0.7192591 -0.1026351 0.5253345 0.4428952
-3.203377 0.9120701 0.4519128|0.7192591 -0.1026351 0.5253345 0.4428952
-3.268218 0.8418211 0.4585075|0.7091984 -0.1072218 0.5152915 0.4690586
-3.332389 0.7635859 0.4649873|0.698126 -0.1116871 0.5037937 0.4963246
-3.395653 0.6771629 0.4712856|0.686002 -0.1159259 0.490895 0.5243899
-3.457942 0.5825959 0.4773847|0.6727322 -0.1198484 0.476521 0.5531689
-3.519126 0.4798967 0.4832304|0.6582295 -0.1233514 0.4606169 0.582538
-3.519126 0.4798967 0.4832304|0.6582295 -0.1233514 0.4606169 0.582538
-3.579009 0.3690993 0.4887756|0.6423521 -0.126294 0.4430244 0.6125056
-3.637459 0.2502446 0.4939576|0.6250369 -0.1285405 0.4237612 0.6428319
-3.694283 0.1234339 0.4987119|0.6061305 -0.1299171 0.4026923 0.6734734
-3.685465 0.1533284 0.5218976|0.6266972 -0.09957753 0.3857098 0.6697485
-3.682318 0.1534159 0.5415453|0.6376644 -0.07810351 0.3700918 0.671056
-3.682318 0.1534159 0.5415453|0.6376644 -0.07810351 0.3700918 0.671056
-3.680613 0.154703 0.5521025|0.6430969 -0.06730389 0.362184 0.6713565
-3.679915 0.1581884 0.5574018|0.6459404 -0.06129243 0.3574231 0.6717538
-3.679472 0.1604373 0.5597956|0.6471428 -0.05898444 0.3557175 0.6717086
-3.679489 0.1604296 0.5595344|0.6469994 -0.05930243 0.3559821 0.6716785
-3.679995 0.1585817 0.5564847|0.6454183 -0.0625137 0.3584759 0.671582
-3.68077 0.1548831 0.5511009|0.6425693 -0.06835275 0.3629081 0.6713645
-3.68077 0.1548831 0.5511009|0.6425693 -0.06835275 0.3629081 0.6713645
-3.681372 0.1531619 0.5470785|0.640334 -0.07263452 0.3661605 0.6712848
-3.681593 0.1528162 0.545676|0.6396956 -0.07396244 0.3671508 0.6712077
-3.683049 0.1516187 0.5478432|0.6394855 -0.07176098 0.364776 0.6729392
-3.683548 0.1518972 0.5503651|0.640196 -0.07193652 0.3642536 0.6725279
-3.682647 0.1523908 0.5481134|0.6406949 -0.07118079 0.364683 0.6719002
-3.682647 0.1523908 0.5481134|0.6406949 -0.07118079 0.364683 0.6719002
-3.681533 0.1526439 0.5469735|0.6402467 -0.07273179 0.3660558 0.6714147
-3.681451 0.1526945 0.5467464|0.6400495 -0.07316416 0.3665338 0.671295
-3.681503 0.1527072 0.5466954|0.6401575 -0.07306097 0.3663733 0.6712908
-3.681385 0.1527491 0.5461597|0.6399918 -0.07336164 0.3667653 0.6712018
-3.681526 0.152716 0.5463663|0.6400245 -0.07338472 0.3666066 0.6712549
-3.681526 0.152716 0.5463663|0.6400245 -0.07338472 0.3666066 0.6712549
-3.68152 0.1526906 0.5468134|0.640147 -0.07299884 0.3663682 0.6713103
-3.68152 0.1526906 0.5468134|0.640147 -0.07299884 0.3663682 0.6713103
-3.681515 0.1526877 0.5469305|0.6401935 -0.07288015 0.3662792 0.6713276
-3.681512 0.1526848 0.5470303|0.6402322 -0.07278812 0.3662081 0.6713392
-3.68151 0.1526838 0.5470722|0.6402484 -0.07274766 0.3661788 0.6713442
-3.68151 0.1526838 0.5470722|0.6402484 -0.07274766 0.3661788 0.6713442
-3.681506 0.1526838 0.5470734|0.6402515 -0.07274128 0.3661732 0.6713449
-3.681511 0.1526848 0.5470635|0.6402473 -0.07275046 0.3661805 0.6713439
-3.681509 0.1526848 0.5470561|0.6402434 -0.07275844 0.3661869 0.6713433
-3.681509 0.1526848 0.5470561|0.6402425 -0.07276262 0.3661889 0.6713427
-3.681509 0.1526848 0.5470561|0.6402429 -0.07276161 0.3661884 0.6713427
-3.681509 0.1526848 0.5470561|0.6402429 -0.07276161 0.3661884 0.6713427
-3.681509 0.1526848 0.5470561|0.6402433 -0.07276045 0.3661879 0.6713428
-3.681509 0.1526848 0.5470561|0.6402432 -0.07275984 0.3661878 0.671343
-3.681509 0.1526848 0.5470561|0.6402431 -0.07275955 0.3661879 0.671343
-3.681509 0.1526848 0.5470561|0.6402432 -0.07276122 0.3661878 0.6713429
-3.681509 0.1526848 0.5470561|0.6402434 -0.07276026 0.3661874 0.6713429
-3.681509 0.1526848 0.5470561|0.6402434 -0.07275982 0.3661875 0.6713429
-3.681509 0.1526848 0.5470561|0.6402434 -0.07275982 0.3661875 0.6713429
-3.681509 0.1526848 0.5470561|0.6402432 -0.07275966 0.3661877 0.6713429
-3.681509 0.1526848 0.5470561|0.6402429 -0.07275957 0.366188 0.671343
-3.681509 0.1526848 0.5470561|0.6402431 -0.0727612 0.3661879 0.6713428
-3.681509 0.1526848 0.5470561|0.6402434 -0.0727602 0.3661875 0.6713429
-3.681509 0.1526848 0.5470561|0.6402434 -0.07275976 0.3661875 0.6713429
-3.681509 0.1526848 0.5470561|0.6402434 -0.07275976 0.3661875 0.6713429
-3.681509 0.1526848 0.5470561|0.6402432 -0.07275957 0.3661877 0.6713431