1.11 2.32 0.09999999|0.985516 -0.08803901 0.02257857 -0.1431699
1.150948 2.356943 0.1025761|0.9900066 -0.08044157 -0.02420659 -0.1132704
1.23763 2.493525 0.1026747|0.9838949 -0.08311615 -0.07413439 -0.1398096
1.23763 2.493525 0.1026747|0.9838949 -0.08311615 -0.07413439 -0.1398096
1.306968 2.609376 0.1039914|0.975706 -0.08851994 -0.1228695 -0.15832
1.374644 2.720431 0.1060778|0.9653132 -0.09050815 -0.1650471 -0.1809378
1.44176 2.824537 0.1086467|0.9521781 -0.09076683 -0.2083279 -0.2042494
1.507767 2.920545 0.1118876|0.9364737 -0.09040653 -0.2513813 -0.2272694
1.572436 3.008186 0.115763|0.9183253 -0.08980915 -0.2937316 -0.2496694
1.572436 3.008186 0.115763|0.9183253 -0.08980915 -0.2937316 -0.2496694
1.635708 3.087518 0.1201368|0.8977882 -0.08897696 -0.3352697 -0.2713927
1.697525 3.1586 0.1248901|0.8749229 -0.08791288 -0.3758893 -0.2923843
1.757859 3.221496 0.1298738|0.8497965 -0.08662032 -0.4154869 -0.3125918
1.816692 3.276267 0.134949|0.8224812 -0.08510339 -0.4539625 -0.3319644
1.874021 3.32298 0.1399752|0.7930545 -0.0833667 -0.4912192 -0.3504546
1.874021 3.32298 0.1399752|0.7930545 -0.0833667 -0.4912192 -0.3504546
1.929854 3.361701 0.1448234|0.7615992 -0.08141539 -0.527164 -0.3680169
1.984225 3.392494 0.1493484|0.728203 -0.07925518 -0.5617077 -0.3846086
2.037175 3.415421 0.1534246|0.6929579 -0.07689227 -0.5947649 -0.4001896
2.088766 3.430544 0.1569164|0.6559606 -0.0743334 -0.6262551 -0.4147227
2.139063 3.437924 0.159715|0.6173115 -0.07158572 -0.6561016 -0.4281738
2.139063 3.437924 0.159715|0.6173115 -0.07158572 -0.6561016 -0.4281738
2.188154 3.437615 0.1617024|0.5771153 -0.06865685 -0.6842325 -0.4405112
2.236139 3.42967 0.1627724|0.5354793 -0.06555489 -0.7105811 -0.451707
2.28312 3.414138 0.1628369|0.4925148 -0.06228829 -0.7350849 -0.4617356
2.329215 3.391061 0.1618133|0.4483353 -0.05886587 -0.7576869 -0.4705751
2.374551 3.36048 0.1596298|0.4030574 -0.05529684 -0.7783353 -0.4782062
2.374551 3.36048 0.1596298|0.4030574 -0.05529684 -0.7783353 -0.4782062
2.419256 3.322428 0.1562321|0.3567994 -0.05159073 -0.7969833 -0.4846135
2.463476 3.27693 0.1515628|0.309682 -0.04775735 -0.8135895 -0.4897842
2.507351 3.224012 0.145596|0.2618271 -0.04380681 -0.8281179 -0.4937088
2.551024 3.163688 0.1383076|0.2133579 -0.03974945 -0.840538 -0.4963812
2.594641 3.095967 0.1296984|0.1643988 -0.03559586 -0.8508248 -0.4977985
2.594641 3.095967 0.1296984|0.1643988 -0.03559586 -0.8508248 -0.4977985
2.638352 3.020854 0.1197699|0.1150746 -0.03135676 -0.8589586 -0.4979607
2.682301 2.938343 0.1085397|0.06551054 -0.02704309 -0.8649255 -0.4968712
2.726628 2.848428 0.09604726|0.01583163 -0.02266592 -0.8687171 -0.4945366
2.771473 2.751093 0.08233303|-0.03383727 -0.01823638 -0.8703302 -0.4909664
2.816961 2.646317 0.06746475|-0.08337201 -0.0137657 -0.8697674 -0.4861732
2.816961 2.646317 0.06746475|-0.08337201 -0.0137657 -0.8697674 -0.4861732
2.863224 2.534074 0.0514961|-0.1326494 -0.009265153 -0.8670368 -0.4801726
2.910376 2.41433 0.03451573|-0.1815475 -0.004746058 -0.8621514 -0.4729832
2.95852 2.287052 0.01660901|-0.2299459 -0.0002196992 -0.85513 -0.4646266
3.007756 2.152196 -0.002124381|-0.2777261 0.004302703 -0.8459962 -0.4551267
3.058164 2.009718 -0.02157346|-0.3247715 0.008809928 -0.8347791 -0.4445107
3.109825 1.859569 -0.04163703|-0.3709683 0.01329089 -0.8215127 -0.4328081
3.109825 1.859569 -0.04163703|-0.3709683 0.01329089 -0.8215127 -0.4328081
3.162791 1.701695 -0.0621895|-0.4162051 0.01773466 -0.8062358 -0.4200507
3.217114 1.536044 -0.08311464|-0.4603734 0.02213037 -0.788992 -0.4062736
3.272827 1.362558 -0.1042852|-0.5033681 0.02646739 -0.7698295 -0.3915134
3.225795 1.344921 -0.07016788|-0.5733003 0.001543238 -0.7083634 -0.4117596
3.184015 1.319242 -0.03852322|-0.6130508 -0.02000285 -0.6603888 -0.4331922
3.184015 1.319242 -0.03852322|-0.6130508 -0.02000285 -0.6603888 -0.4331922
3.146154 1.274776 -0.01153319|-0.6569607 -0.0395293 -0.6094133 -0.4421038
3.10385 1.229874 0.01490516|-0.6877548 -0.06205605 -0.5614312 -0.4560015
3.060542 1.178985 0.04032135|-0.7125567 -0.08446644 -0.513389 -0.4707018
3.017408 1.12059 0.06406748|-0.7338406 -0.1074456 -0.4632985 -0.4850649
2.973295 1.055731 0.08638041|-0.7517393 -0.1319685 -0.4109526 -0.4985884
2.973295 1.055731 0.08638041|-0.7517393 -0.1319685 -0.4109526 -0.4985884
2.928187 0.9844944 0.1072538|-0.7660763 -0.1578825 -0.3564146 -0.511047
2.882271 0.9068531 0.1265553|-0.7765731 -0.1853173 -0.2996662 -0.5222951
2.836468 0.8222107 0.1439761|-0.7830842 -0.2138804 -0.2409063 -0.5319762
2.791295 0.7304904 0.1592827|-0.7852464 -0.2437163 -0.1801508 -0.539941
2.746901 0.6318529 0.1723862|-0.7827188 -0.2749571 -0.1174569 -0.5458515
2.746901 0.6318529 0.1723862|-0.7827188 -0.2749571 -0.1174569 -0.5458515
2.703467 0.5265279 0.1832256|-0.7751141 -0.307643 -0.05314723 -0.5492991
2.661384 0.4151628 0.1918862|-0.7619985 -0.3418952 0.01099341 -0.5498593
2.620959 0.2994235 0.1967358|-0.7393586 -0.3838713 0.06736821 -0.5490476
2.612833 0.2677454 0.1809897|-0.7369153 -0.3734017 0.05309015 -0.5609889
2.605021 0.2525187 0.1570226|-0.7350459 -0.358077 0.03439429 -0.5747222
2.605021 0.2525187 0.1570226|-0.7350459 -0.358077 0.03439429 -0.5747222
2.605522 0.2647186 0.1466082|-0.7373783 -0.3510256 0.0285417 -0.5764026
2.605776 0.2740718 0.1398164|-0.7384855 -0.3449398 0.02255412 -0.5789192
2.605229 0.2787284 0.1342066|-0.7389449 -0.3408005 0.01841315 -0.5809274
2.604865 0.2807709 0.1308265|-0.7391523 -0.3384978 0.01613433 -0.5820764
2.60477 0.2810221 0.13011|-0.7391869 -0.3380597 0.0156701 -0.5822998
2.605011 0.2797526 0.1321292|-0.7390681 -0.3395104 0.01715614 -0.5815643
2.605011 0.2797526 0.1321292|-0.7390681 -0.3395104 0.01715614 -0.5815643
2.605623 0.2768708 0.1368388|-0.7387846 -0.3428915 0.02061777 -0.5798258
2.606514 0.2722327 0.1442232|-0.7382846 -0.3482145 0.02609216 -0.577063
2.607683 0.2656542 0.1542497|-0.7375212 -0.3556624 0.03364368 -0.5730926
2.608878 0.2595236 0.1639057|-0.7367003 -0.3627554 0.04096025 -0.569213
2.609457 0.2582316 0.1686699|-0.7362847 -0.3658748 0.04413843 -0.5675143
2.609457 0.2582316 0.1686699|-0.7362847 -0.3658748 0.04413843 -0.5675143
2.609767 0.2584877 0.169271|-0.7363952 -0.3662593 0.04455532 -0.5670902
2.609524 0.2579814 0.1677291|-0.7363836 -0.3655092 0.04371446 -0.5676543
2.609216 0.2578481 0.1664118|-0.7364892 -0.3645377 0.04271184 -0.5682181
2.609067 0.2579376 0.1658659|-0.7364836 -0.3641854 0.04231015 -0.5684813
2.609072 0.2579338 0.1658758|-0.7364879 -0.3641631 0.04228908 -0.5684914
2.609072 0.2579338 0.1658758|-0.7364879 -0.3641631 0.04228908 -0.5684914
2.609126 0.2578549 0.1661664|-0.7365069 -0.3642662 0.0423985 -0.5683927
2.609177 0.2578276 0.1663405|-0.7365009 -0.3643942 0.04253788 -0.5683081
2.60919 0.2578237 0.1663862|-0.7364985 -0.3644299 0.04257692 -0.5682853
2.609186 0.2578218 0.1663684|-0.7365007 -0.3644171 0.04256459 -0.5682917
2.609179 0.2578198 0.1663412|-0.7365032 -0.3643985 0.0425458 -0.5683019
2.609179 0.2578198 0.1663412|-0.7365032 -0.3643985 0.0425458 -0.5683019
2.609176 0.2578208 0.1663319|-0.7365044 -0.364388 0.04253614 -0.5683076
2.609176 0.2578198 0.1663319|-0.7365044 -0.3643875 0.0425349 -0.5683079
2.609175 0.2578198 0.1663399|-0.7365043 -0.3643896 0.04253638 -0.5683067
2.609177 0.2578198 0.1663405|-0.7365038 -0.364393 0.04253962 -0.5683048
2.609177 0.2578208 0.1663405|-0.7365038 -0.3643925 0.04254065 -0.5683051
2.609177 0.2578208 0.1663405|-0.7365038 -0.3643925 0.04254065 -0.5683051
2.609175 0.2578208 0.1663399|-0.736504 -0.3643918 0.04253855 -0.5683054
2.609175 0.2578208 0.1663399|-0.7365039 -0.3643916 0.04253923 -0.5683057
2.609177 0.2578208 0.1663405|-0.7365038 -0.3643924 0.04253933 -0.5683053
2.609175 0.2578208 0.1663399|-0.736504 -0.3643917 0.04253962 -0.5683056
2.60918 0.2578208 0.1663332|-0.7365039 -0.3643921 0.04253937 -0.5683054