0.789 1.329 -0.286|0.5148478 -0.2430025 -0.8073845 0.1549585
0.8220096 1.348669 -0.3656554|0.5215467 -0.2290476 -0.8072915 0.1542945
0.8760921 1.420232 -0.4585557|0.489459 -0.2700528 -0.8156565 0.1490173
0.8760921 1.420232 -0.4585557|0.489459 -0.2700528 -0.8156565 0.1490173
0.9264894 1.488207 -0.5519691|0.4600164 -0.3053825 -0.8204222 0.1484382
0.9770352 1.541247 -0.6427855|0.429175 -0.3360981 -0.8230674 0.1593955
1.02638 1.584062 -0.7317013|0.400644 -0.3650386 -0.8226489 0.1716979
1.074772 1.61744 -0.8191243|0.3754542 -0.3926402 -0.8191812 0.1838751
1.122163 1.641619 -0.9052536|0.3528424 -0.4183711 -0.8135557 0.1964571
1.122163 1.641619 -0.9052536|0.3528424 -0.4183711 -0.8135557 0.1964571
1.168854 1.657172 -0.9905447|0.3311461 -0.442756 -0.8065816 0.2091306
1.215239 1.664463 -1.075258|0.3101978 -0.4660986 -0.798341 0.2217682
1.261384 1.663652 -1.15965|0.2881899 -0.4891762 -0.7892607 0.2339248
1.307186 1.654684 -1.2436|0.2658452 -0.5116215 -0.7792066 0.245778
1.352628 1.637592 -1.327122|0.2431925 -0.5334087 -0.7681941 0.2573139
1.352628 1.637592 -1.327122|0.2431925 -0.5334087 -0.7681941 0.2573139
1.397694 1.612416 -1.410214|0.2202609 -0.5545124 -0.7562399 0.2685191
1.442371 1.57919 -1.492896|0.1970794 -0.5749086 -0.7433615 0.2793808
1.486646 1.537952 -1.575165|0.1736777 -0.5945744 -0.7295775 0.2898864
1.530507 1.488739 -1.657041|0.1500852 -0.6134874 -0.7149079 0.3000241
1.573953 1.431586 -1.738541|0.1263316 -0.6316265 -0.6993735 0.3097825
1.573953 1.431586 -1.738541|0.1263316 -0.6316265 -0.6993735 0.3097825
1.616972 1.36653 -1.819678|0.1024467 -0.648972 -0.6829954 0.3191509
1.659563 1.293606 -1.900476|0.07846005 -0.6655048 -0.6657971 0.3281187
1.701726 1.212848 -1.980952|0.05440145 -0.6812071 -0.6478015 0.3366762
1.743461 1.124289 -2.061123|0.03030048 -0.6960621 -0.629033 0.3448142
1.784771 1.02796 -2.14102|0.006186701 -0.7100545 -0.6095172 0.352524
1.784771 1.02796 -2.14102|0.006186701 -0.7100545 -0.6095172 0.352524
1.825659 0.9238941 -2.220659|-0.01791048 -0.7231695 -0.5892799 0.3597977
1.866134 0.812117 -2.30007|-0.04196187 -0.7353942 -0.5683477 0.3666274
1.906207 0.6926594 -2.379281|-0.06593838 -0.746716 -0.5467483 0.3730063
1.945885 0.5655447 -2.458316|-0.08981127 -0.7571242 -0.5245098 0.3789281
1.985182 0.4307981 -2.537202|-0.113552 -0.766609 -0.5016608 0.384387
1.985182 0.4307981 -2.537202|-0.113552 -0.766609 -0.5016608 0.384387
2.024112 0.288442 -2.615967|-0.1371322 -0.7751613 -0.478231 0.3893778
2.062693 0.138495 -2.694646|-0.1605242 -0.7827739 -0.4542501 0.3938958
2.038857 0.1791653 -2.736384|-0.2016875 -0.7886802 -0.4638775 0.3494617
2.0237 0.2033198 -2.777195|-0.2499172 -0.7671609 -0.4746702 0.3517014
2.010761 0.2079385 -2.82118|-0.2973346 -0.7437516 -0.4796833 0.3582314
2.010761 0.2079385 -2.82118|-0.2973346 -0.7437516 -0.4796833 0.3582314
1.996874 0.2041066 -2.866374|-0.3440156 -0.7181656 -0.4819347 0.3655551
1.982702 0.1928328 -2.912448|-0.3896564 -0.6905312 -0.4827917 0.3718156
1.968248 0.1740147 -2.95946|-0.4341287 -0.6609338 -0.4822564 0.3769983
1.955006 0.1504864 -3.006754|-0.478682 -0.6275377 -0.4828843 0.379319
1.942599 0.121622 -3.054543|-0.5234846 -0.5900068 -0.4834161 0.3796907
1.930381 0.08623952 -3.103354|-0.5674794 -0.549122 -0.4829407 0.3784185
1.930381 0.08623952 -3.103354|-0.5674794 -0.549122 -0.4829407 0.3784185
1.946748 0.07446802 -3.138179|-0.597043 -0.5164155 -0.4499938 0.4175649
1.968958 0.05752975 -3.168722|-0.6237304 -0.4817018 -0.4066451 0.4621296
1.990009 0.03380371 -3.198355|-0.6481733 -0.4419233 -0.3595097 0.5053001
2.015283 0.01439253 -3.222312|-0.6597497 -0.4074441 -0.3041075 0.5533881
2.017816 0.05036027 -3.238666|-0.6736673 -0.3893242 -0.3041156 0.549648
2.017816 0.05036027 -3.238666|-0.6736673 -0.3893242 -0.3041156 0.549648
2.023045 0.07049086 -3.253151|-0.6853089 -0.3679604 -0.2871305 0.5590286
2.030328 0.07906513 -3.268031|-0.6946383 -0.3465787 -0.2674492 0.5708169
2.037601 0.08379962 -3.281992|-0.7022004 -0.3266341 -0.2485716 0.5817534
2.044405 0.08737068 -3.294887|-0.7084242 -0.308269 -0.2311271 0.5913424
2.050788 0.08907638 -3.307087|-0.7138268 -0.2907998 -0.2146208 0.5998542
2.050788 0.08907638 -3.307087|-0.7138268 -0.2907998 -0.2146208 0.5998542
2.056743 0.09077428 -3.318685|-0.7185746 -0.2741605 -0.1990316 0.6073493
2.062843 0.09113352 -3.329755|-0.7223195 -0.2581364 -0.1836725 0.6147231
2.068465 0.09152781 -3.340899|-0.7261505 -0.241957 -0.1686504 0.6210632
2.074405 0.09048901 -3.351966|-0.7292274 -0.2257113 -0.1533072 0.6275181
2.08057 0.08971111 -3.36336|-0.7319328 -0.2088144 -0.1373534 0.633881
2.08057 0.08971111 -3.36336|-0.7319328 -0.2088144 -0.1373534 0.633881
2.086789 0.08743781 -3.375336|-0.7345864 -0.1908429 -0.1206021 0.6398572
2.093397 0.08508371 -3.3882|-0.7369939 -0.1713146 -0.1024757 0.6457479
2.100834 0.08095087 -3.401734|-0.7384472 -0.1502242 -0.08264352 0.6521492
2.108594 0.07534892 -3.41659|-0.7397398 -0.1266747 -0.06078891 0.6580603
2.117065 0.06863612 -3.432987|-0.7403594 -0.09997178 -0.03611258 0.6637543
2.117065 0.06863612 -3.432987|-0.7403594 -0.09997178 -0.03611258 0.6637543
2.126198 0.05834933 -3.450377|-0.7394171 -0.06900869 -0.008720793 0.6696448
2.135761 0.0456802 -3.468829|-0.7371486 -0.0353817 0.02142805 0.6744636
2.147752 0.03329632 -3.487219|-0.7296731 0.0008268991 0.05440915 0.6816278
2.148023 0.04846559 -3.496262|-0.7347764 0.0107601 0.0627391 0.6753163
2.148803 0.05803583 -3.502584|-0.73589 0.02262754 0.07402693 0.672662
2.150615 0.06210829 -3.508171|-0.7357572 0.03144189 0.08190361 0.6715391
2.150615 0.06210829 -3.508171|-0.7357572 0.03144189 0.08190361 0.6715391
2.151851 0.06401261 -3.511733|-0.7355067 0.03716921 0.08700792 0.6708787
2.152326 0.06467172 -3.513085|-0.7353935 0.03934802 0.08895299 0.6706235
2.152048 0.06415378 -3.512332|-0.7354925 0.03774195 0.08743619 0.6708067
2.150949 0.06256977 -3.509284|-0.73578 0.03268087 0.08291007 0.6713316
2.149057 0.05974153 -3.503996|-0.7361789 0.02389082 0.07503077 0.6721909
2.149057 0.05974153 -3.503996|-0.7361789 0.02389082 0.07503077 0.6721909
2.146376 0.05543541 -3.496468|-0.7365668 0.01121364 0.06363072 0.6732719
2.142894 0.04920453 -3.486843|-0.7367481 -0.005838246 0.04786285 0.6744462
2.139528 0.04306518 -3.477384|-0.7364947 -0.02237771 0.0327017 0.675282
2.137854 0.04175183 -3.472482|-0.7361192 -0.03001534 0.02580851 0.6756936
2.137756 0.04139063 -3.472121|-0.7360631 -0.03077657 0.02512809 0.6757463
2.137756 0.04139063 -3.472121|-0.7360631 -0.03077657 0.02512809 0.6757463
2.138221 0.04128354 -3.473559|-0.7362208 -0.02875402 0.02692876 0.675594
2.138637 0.04123389 -3.474866|-0.7363712 -0.026816 0.02866583 0.6754383
2.13891 0.04122512 -3.475611|-0.7363995 -0.02556831 0.02979795 0.6754068
2.138967 0.04115892 -3.475674|-0.736362 -0.02549142 0.02986837 0.6754475
2.138909 0.0411521 -3.475513|-0.7363628 -0.02563234 0.02977636 0.6754454
2.138909 0.0411521 -3.475513|-0.7363628 -0.02563234 0.02977636 0.6754454
2.138826 0.04116476 -3.47536|-0.7363769 -0.02586031 0.02958257 0.6754299
2.138791 0.04117158 -3.475282|-0.7363846 -0.0259852 0.0294739 0.6754215
2.138783 0.04117158 -3.475268|-0.7363856 -0.02600647 0.02945357 0.6754205
2.138802 0.04116866 -3.475286|-0.7363832 -0.02598298 0.0294702 0.6754232
2.138812 0.04116768 -3.475308|-0.7363806 -0.02594729 0.02950098 0.675426
2.138812 0.04116768 -3.475308|-0.7363806 -0.02594729 0.02950098 0.675426
2.138819 0.04116574 -3.475322|-0.7363794 -0.02593027 0.02951431 0.6754274
2.138824 0.04116574 -3.475337|-0.736379 -0.02592276 0.02951948 0.6754279
2.138819 0.04116574 -3.475322|-0.7363793 -0.02592283 0.02952081 0.6754275
2.138819 0.04116574 -3.475322|-0.7363795 -0.0259318 0.02951441 0.6754272
2.138817 0.04116574 -3.475322|-0.7363798 -0.02593333 0.02951165 0.675427
2.138816 0.04116574 -3.475314|-0.7363797 -0.02593091 0.02951483 0.6754271
2.138816 0.04116574 -3.475314|-0.7363797 -0.02593091 0.02951483 0.6754271
2.138814 0.04116574 -3.475315|-0.7363799 -0.02593709 0.02950799 0.6754269
2.138816 0.04116574 -3.475314|-0.7363798 -0.02593537 0.02951071 0.6754269