0.22 2.08 -0.36|0.9923232 -0.06009793 0.1054472 0.02374958
0.2330659 2.073424 -0.4561347|0.9919975 -0.03615561 0.1190976 0.02120378
0.2231175 2.122053 -0.5074422|0.9934824 -0.02183965 0.1118023 0.004014648
0.2231175 2.122053 -0.5074422|0.9934824 -0.02183965 0.1118023 0.004014648
0.211896 2.176977 -0.5475226|0.9924309 -0.01686116 0.1212302 -0.009996882
0.2017379 2.236926 -0.5893124|0.9904693 -0.01535271 0.135638 -0.01837105
0.1916531 2.289113 -0.6313983|0.988111 -0.01335443 0.1508183 -0.02669014
0.1815583 2.334102 -0.674196|0.9851449 -0.01042698 0.1678685 -0.03465579
0.171548 2.372117 -0.7178957|0.9813379 -0.006231416 0.187494 -0.04222912
0.171548 2.372117 -0.7178957|0.9813379 -0.006231416 0.187494 -0.04222912
0.1616623 2.402554 -0.7620879|0.9767837 -0.001399564 0.2084109 -0.04956755
0.1517652 2.42502 -0.8066053|0.9715892 0.003737764 0.2296645 -0.05705145
0.1419552 2.43926 -0.851101|0.9659778 0.008628101 0.25031 -0.06447823
0.1322082 2.445425 -0.8957314|0.9598544 0.01350892 0.2708007 -0.071863
0.1225157 2.443515 -0.9405079|0.9532235 0.01837764 0.291126 -0.07920197
0.1225157 2.443515 -0.9405079|0.9532235 0.01837764 0.291126 -0.07920197
0.1128676 2.433533 -0.9854256|0.9460905 0.02323168 0.3112756 -0.0864913
0.103263 2.415479 -1.030493|0.9384605 0.02806849 0.3312392 -0.09372728
0.09368934 2.389355 -1.075698|0.9303392 0.03288553 0.3510067 -0.1009062
0.08414689 2.355163 -1.121065|0.9217322 0.03768032 0.3705682 -0.1080243
0.07462066 2.312904 -1.166576|0.9126457 0.04245036 0.3899139 -0.1150782
0.07462066 2.312904 -1.166576|0.9126457 0.04245036 0.3899139 -0.1150782
0.06510838 2.262581 -1.212245|0.9030859 0.04719318 0.4090342 -0.1220641
0.05560128 2.204196 -1.258062|0.8930595 0.05190638 0.4279196 -0.1289787
0.04609089 2.137751 -1.304036|0.8825728 0.05658752 0.4465608 -0.1358185
0.03657094 2.063248 -1.350162|0.871633 0.06123428 0.4649489 -0.1425802
0.02703409 1.980689 -1.396442|0.860247 0.06584427 0.4830747 -0.1492602
0.02703409 1.980689 -1.396442|0.860247 0.06584427 0.4830747 -0.1492602
0.01747666 1.890077 -1.442877|0.8484224 0.07041522 0.5009297 -0.1558555
0.00788875 1.791415 -1.489463|0.8361664 0.07494479 0.5185051 -0.1623628
-0.001735883 1.684703 -1.536194|0.8234869 0.07943082 0.5357928 -0.168779
-0.01140204 1.569948 -1.583078|0.8103918 0.08387101 0.5527845 -0.175101
-0.02111959 1.447148 -1.630113|0.7968891 0.08826322 0.5694723 -0.1813257
-0.02111959 1.447148 -1.630113|0.7968891 0.08826322 0.5694723 -0.1813257
0.002162278 1.452518 -1.658498|0.7844262 0.08487684 0.5839154 -0.1910878
0.02596154 1.451852 -1.686664|0.7799899 0.08052793 0.5870923 -0.2011316
0.05061016 1.446063 -1.714545|0.7760228 0.07569309 0.5894919 -0.2110891
0.07707385 1.438726 -1.741825|0.7749221 0.07052302 0.5877714 -0.2214657
0.1055909 1.430184 -1.768536|0.7757273 0.06505568 0.5831496 -0.2322746
0.1055909 1.430184 -1.768536|0.7757273 0.06505568 0.5831496 -0.2322746
0.1360382 1.419794 -1.794945|0.7757817 0.060181 0.5789374 -0.2436653
0.1686319 1.407712 -1.821091|0.7754381 0.05547649 0.574704 -0.2556045
0.2030197 1.392681 -1.847087|0.7746577 0.05096924 0.5704468 -0.2681381
0.2398918 1.37618 -1.873001|0.7734059 0.04661981 0.5661117 -0.2814029
0.2785375 1.356115 -1.898922|0.7716966 0.04241911 0.561679 -0.2952994
0.3197506 1.334048 -1.924929|0.7694551 0.0383217 0.5570749 -0.3100613
0.3197506 1.334048 -1.924929|0.7694551 0.0383217 0.5570749 -0.3100613
0.3628344 1.308119 -1.951057|0.7666929 0.03434716 0.5522987 -0.3255282
0.4084342 1.279398 -1.977421|0.7633203 0.03042 0.5472441 -0.3419662
0.4557972 1.246157 -2.003976|0.759356 0.02657735 0.541926 -0.3591497
0.5052342 1.208751 -2.030788|0.754707 0.0227128 0.5362136 -0.3773283
0.5569016 1.167205 -2.057951|0.7492555 0.01893269 0.530101 -0.3965487
0.5569016 1.167205 -2.057951|0.7492555 0.01893269 0.530101 -0.3965487
0.6097897 1.119789 -2.085262|0.7430745 0.01503931 0.5234802 -0.4166326
0.6642039 1.066807 -2.112829|0.7359981 0.01117715 0.5163386 -0.4376945
0.7197824 1.007705 -2.140571|0.7279514 0.00724678 0.5085576 -0.4597866
0.7760436 0.9418759 -2.168358|0.7188463 0.003215179 0.5000535 -0.482904
0.8324112 0.8687087 -2.196059|0.7085881 -0.0009499816 0.4907397 -0.5070273
0.8324112 0.8687087 -2.196059|0.7085881 -0.0009499816 0.4907397 -0.5070273
0.8881992 0.7876361 -2.223465|0.6970696 -0.005282928 0.4805229 -0.5321314
0.9431298 0.6984458 -2.250499|0.6842707 -0.009737737 0.4694023 -0.5579789
0.9970893 0.6011632 -2.277119|0.6700699 -0.01430706 0.4572945 -0.584537
1.049957 0.4957902 -2.303283|0.6544211 -0.01895298 0.4441765 -0.6116219
1.10159 0.3823657 -2.328951|0.6372264 -0.02364749 0.4299858 -0.6391367
1.10159 0.3823657 -2.328951|0.6372264 -0.02364749 0.4299858 -0.6391367
1.151832 0.2609501 -2.35406|0.6183832 -0.02835619 0.4146566 -0.6669769
1.148422 0.2626705 -2.368706|0.6247174 -0.04165583 0.4043089 -0.666729
1.142671 0.2594295 -2.383419|0.6310535 -0.0544688 0.3950077 -0.6654125
1.13775 0.2569683 -2.399106|0.6375552 -0.06846606 0.3842525 -0.6642182
1.132956 0.2530829 -2.415697|0.6439748 -0.08331646 0.3724989 -0.6630232
1.132956 0.2530829 -2.415697|0.6439748 -0.08331646 0.3724989 -0.6630232
1.127909 0.2486814 -2.433479|0.6505296 -0.09926386 0.3596622 -0.6615144
1.122118 0.2432801 -2.452399|0.6575615 -0.1164927 0.3457004 -0.6591918
1.116267 0.2355869 -2.472641|0.6645204 -0.1350147 0.3303133 -0.6565647
1.109904 0.226337 -2.494453|0.6717237 -0.1552539 0.3131863 -0.6531446
1.102869 0.2153805 -2.517971|0.679212 -0.1774664 0.2940271 -0.6486334
1.095558 0.2005326 -2.542663|0.6864095 -0.2022519 0.2727817 -0.6430602
1.095558 0.2005326 -2.542663|0.6864095 -0.2022519 0.2727817 -0.6430602
1.088455 0.184051 -2.568504|0.6928966 -0.2284007 0.249453 -0.6367894
1.081742 0.188069 -2.580714|0.6986372 -0.2396161 0.2392133 -0.6302915
1.078799 0.1948373 -2.587982|0.7013003 -0.2479615 0.2312567 -0.6270671
1.076493 0.1990977 -2.593384|0.7031925 -0.2532562 0.2262205 -0.6246647
1.075149 0.2012522 -2.596426|0.7043149 -0.2563 0.2232933 -0.6232102
1.075149 0.2012522 -2.596426|0.7043149 -0.2563 0.2232933 -0.6232102
1.074855 0.2016738 -2.597079|0.7045411 -0.2569177 0.2227055 -0.6229106
1.075522 0.2003098 -2.595514|0.7038096 -0.255076 0.2245647 -0.6238263
1.077451 0.1978087 -2.591109|0.7023605 -0.2508881 0.2284901 -0.6257295
1.080473 0.1930147 -2.584595|0.6997618 -0.2443292 0.2347222 -0.6289216
1.084563 0.1863224 -2.575638|0.6961226 -0.2351425 0.2433424 -0.6331713
1.084563 0.1863224 -2.575638|0.6961226 -0.2351425 0.2433424 -0.6331713
1.087476 0.1829635 -2.568602|0.6935394 -0.2281708 0.2498144 -0.63603
1.088428 0.1830424 -2.565621|0.6928403 -0.2255314 0.2521534 -0.6368099
1.088272 0.1826987 -2.566194|0.6929185 -0.2260746 0.2516692 -0.6367236
1.087932 0.1822061 -2.56805|0.6932241 -0.2275119 0.2503931 -0.636382
1.087469 0.1819247 -2.569206|0.6935206 -0.2287074 0.2493313 -0.6360474
1.087469 0.1819247 -2.569206|0.6935206 -0.2287074 0.2493313 -0.6360474
1.087356 0.181877 -2.569534|0.6936098 -0.2290341 0.2490402 -0.6359465
1.087386 0.1818848 -2.569334|0.6935793 -0.2289217 0.2491392 -0.6359816
1.08749 0.1819082 -2.569133|0.6935189 -0.2286988 0.2493346 -0.6360509
1.087539 0.1819179 -2.56905|0.6934882 -0.2285986 0.2494244 -0.6360853
1.087544 0.1819189 -2.56904|0.6934836 -0.2285842 0.2494375 -0.6360904
1.087544 0.1819189 -2.56904|0.6934836 -0.2285842 0.2494375 -0.6360904
1.087528 0.1819169 -2.569054|0.693489 -0.2286049 0.2494207 -0.6360836
1.08752 0.181916 -2.569065|0.6934938 -0.2286188 0.2494074 -0.6360785
1.087519 0.181916 -2.569074|0.6934949 -0.2286235 0.2494045 -0.6360767