0.123 2.709 0.437|0.741065 0.05047136 0.669531 0.001946646
0.08381461 2.7168 0.4871232|0.7501912 0.05678401 0.6587032 -0.009954515
0.04149834 2.862489 0.4688201|0.7391738 0.06155112 0.6701149 -0.02792518
0.04149834 2.862489 0.4688201|0.7391738 0.06155112 0.6701149 -0.02792518
-0.006138355 3.041357 0.4484099|0.7397217 0.06425563 0.6685831 -0.04098374
-0.04822423 3.166698 0.4247568|0.7323821 0.0685406 0.6762401 -0.04022701
-0.09026682 3.284009 0.4010857|0.7249535 0.07281227 0.6838006 -0.03946577
-0.132271 3.393287 0.3773866|0.7174375 0.07707016 0.6912642 -0.03870013
-0.1712458 3.491448 0.3538261|0.7093334 0.07974827 0.699466 -0.03512474
-0.1712458 3.491448 0.3538261|0.7093334 0.07974827 0.699466 -0.03512474
-0.2087212 3.57674 0.330445|0.7002875 0.08043221 0.7087342 -0.02871152
-0.2461689 3.654024 0.3071146|0.6911131 0.08109859 0.7178347 -0.02234335
-0.2835766 3.72325 0.2838475|0.6818045 0.08174745 0.726777 -0.01597692
-0.3209407 3.784418 0.2606449|0.672364 0.08237873 0.7355598 -0.009613531
-0.3582612 3.837527 0.2375067|0.6627939 0.08299233 0.7441818 -0.003254521
-0.3582612 3.837527 0.2375067|0.6627939 0.08299233 0.7441818 -0.003254521
-0.3955343 3.882577 0.2144343|0.6530962 0.08358818 0.7526413 0.003098802
-0.4327613 3.919569 0.191419|0.6432739 0.08416622 0.7609373 0.009445133
-0.4699384 3.948505 0.1684621|0.6333292 0.08472636 0.7690687 0.01578318
-0.507062 3.96938 0.1455648|0.6232645 0.08526859 0.7770342 0.02211164
-0.5441294 3.9822 0.1227199|0.6130821 0.08579278 0.7848324 0.02842926
-0.5441294 3.9822 0.1227199|0.6130821 0.08579278 0.7848324 0.02842926
-0.5811446 3.986963 0.09992593|0.6027846 0.08629894 0.7924626 0.03473474
-0.6180974 3.983668 0.07717822|0.5923744 0.08678697 0.7999234 0.04102684
-0.6549966 3.972317 0.05449015|0.5818541 0.08725683 0.807214 0.04730429
-0.691831 3.95291 0.03184092|0.5712262 0.08770853 0.8143333 0.05356585
-0.7286056 3.925447 0.009245276|0.560493 0.08814199 0.8212804 0.0598103
-0.7286056 3.925447 0.009245276|0.560493 0.08814199 0.8212804 0.0598103
-0.765313 3.88993 -0.01331891|0.5496571 0.08855715 0.8280544 0.0660364
-0.8019604 3.846358 -0.03582952|0.5387211 0.08895405 0.8346545 0.07224294
-0.8385406 3.794731 -0.05830865|0.5276875 0.08933262 0.8410795 0.07842872
-0.8750485 3.735053 -0.0807464|0.5165588 0.08969285 0.8473291 0.0845925
-0.9114891 3.66732 -0.1031527|0.5053375 0.0900347 0.8534023 0.09073319
-0.9114891 3.66732 -0.1031527|0.5053375 0.0900347 0.8534023 0.09073319
-0.9478623 3.591536 -0.1255275|0.4940262 0.09035817 0.8592985 0.09684953
-0.9841607 3.507701 -0.1478683|0.4826275 0.09066325 0.8650169 0.1029404
-1.020388 3.415814 -0.1701763|0.4711438 0.09094995 0.8705571 0.1090046
-1.056543 3.315878 -0.1924676|0.4595777 0.09121824 0.8759184 0.1150411
-1.092623 3.207892 -0.2147249|0.447932 0.09146815 0.8811004 0.1210486
-1.092623 3.207892 -0.2147249|0.447932 0.09146815 0.8811004 0.1210486
-1.128625 3.091858 -0.2369715|0.436209 0.09169966 0.8861022 0.1270263
-1.164555 2.967776 -0.2591853|0.4244115 0.09191278 0.8909239 0.1329727
-1.200403 2.835648 -0.2813873|0.4125419 0.09210753 0.8955646 0.1388869
-1.236179 2.695473 -0.3035724|0.4006028 0.09228393 0.9000242 0.1447679
-1.271876 2.547254 -0.325747|0.3885969 0.092442 0.9043021 0.1506144
-1.30749 2.39099 -0.3479096|0.3765265 0.09258176 0.9083983 0.1564256
-1.30749 2.39099 -0.3479096|0.3765265 0.09258176 0.9083983 0.1564256
-1.34303 2.226683 -0.3700628|0.3643945 0.09270325 0.9123124 0.1622003
-1.378487 2.054334 -0.392204|0.3522035 0.09280647 0.9160442 0.1679374
-1.428468 2.121437 -0.3548445|0.3562811 0.0902513 0.9123511 0.180372
-1.46957 2.130317 -0.3281811|0.3636332 0.08783583 0.9077858 0.189686
-1.510805 2.124506 -0.3033517|0.3697225 0.08522919 0.9035954 0.1988886
-1.510805 2.124506 -0.3033517|0.3697225 0.08522919 0.9035954 0.1988886
-1.55216 2.114371 -0.2775913|0.3739946 0.08274055 0.8999087 0.2084382
-1.593717 2.102266 -0.2501704|0.375132 0.08034309 0.8972542 0.2185318
-1.635572 2.088722 -0.2208091|0.3732701 0.07790054 0.8955888 0.2291761
-1.677766 2.072044 -0.1898924|0.3713669 0.07560249 0.8936994 0.2401512
-1.72052 2.053612 -0.1569111|0.3695237 0.07349163 0.8914957 0.2515687
-1.72052 2.053612 -0.1569111|0.3695237 0.07349163 0.8914957 0.2515687
-1.763941 2.033399 -0.1217791|0.3677583 0.07161528 0.8889289 0.2634965
-1.807947 2.009902 -0.084929|0.365993 0.06985992 0.8860553 0.2758169
-1.852717 1.983766 -0.04606836|0.364268 0.06832173 0.8827776 0.2886949
-1.898403 1.955225 -0.004978288|0.3625432 0.06696098 0.8790788 0.3021576
-1.944757 1.922432 0.03765294|0.3607976 0.06575128 0.8749764 0.3160986
-1.944757 1.922432 0.03765294|0.3607976 0.06575128 0.8749764 0.3160986
-1.992013 1.886162 0.08223048|0.3590142 0.06471025 0.8703864 0.3306796
-2.040199 1.846042 0.1287035|0.3571861 0.06384948 0.8652844 0.3458679
-2.089251 1.801572 0.1768967|0.355276 0.06314324 0.8596215 0.361722
-2.13917 1.752394 0.2267348|0.3532766 0.06260636 0.853368 0.3782054
-2.189835 1.697988 0.2779469|0.351152 0.06223319 0.8464395 0.3954231
-2.189835 1.697988 0.2779469|0.351152 0.06223319 0.8464395 0.3954231
-2.24124 1.63806 0.3304692|0.3488883 0.06201654 0.8388313 0.4132711
-2.293111 1.571868 0.3838277|0.3464534 0.06197894 0.8304237 0.4318857
-2.345532 1.49942 0.4381251|0.3438261 0.06209265 0.8212249 0.4511296
-2.397998 1.419768 0.492539|0.3409567 0.06240015 0.8110315 0.4712569
-2.450598 1.332889 0.5471868|0.3378437 0.06284733 0.7999589 0.4919123
-2.502923 1.23823 0.6014432|0.3344366 0.06347335 0.7878142 0.5132955
-2.502923 1.23823 0.6014432|0.3344366 0.06347335 0.7878142 0.5132955
-2.55476 1.135447 0.6549535|0.3307347 0.06429598 0.7746119 0.535217
-2.60605 1.024586 0.7076308|0.3267019 0.06535166 0.7602346 0.5577084
-2.634604 0.968712 0.7496379|0.3227956 0.06686968 0.741459 0.5844401
-2.651056 0.9598145 0.7853469|0.3264533 0.07527774 0.7160101 0.6124468
-2.666036 0.950143 0.8213003|0.3290288 0.08316244 0.68975 0.6395853
-2.666036 0.950143 0.8213003|0.3290288 0.08316244 0.68975 0.6395853
-2.682115 0.9281753 0.8561166|0.3313512 0.09107995 0.6627447 0.6653424
-2.6977 0.8981571 0.8893814|0.333188 0.09885667 0.6347997 0.6901033
-2.71297 0.8606648 0.9213625|0.3347301 0.1067034 0.605904 0.7137582
-2.728501 0.8201836 0.9535169|0.3372122 0.1161967 0.5754046 0.7359999
-2.746321 0.8235415 0.9840997|0.3368475 0.1160544 0.5544346 0.7521088
-2.746321 0.8235415 0.9840997|0.3368475 0.1160544 0.5544346 0.7521088
-2.761372 0.828496 1.011839|0.3346606 0.1136543 0.5347684 0.7675338
-2.774177 0.8308998 1.036365|0.3319992 0.1109531 0.5149058 0.7825203
-2.786986 0.8317575 1.059383|0.3297172 0.1082479 0.4951143 0.7965118
-2.799285 0.8310837 1.080113|0.3279622 0.1060369 0.4749829 0.8096841
-2.811678 0.8292496 1.100003|0.3263378 0.1035033 0.4551775 0.8219514
-2.811678 0.8292496 1.100003|0.3263378 0.1035033 0.4551775 0.8219514
-2.82371 0.8264039 1.118452|0.3249597 0.1010682 0.4353473 0.8334622
-2.836029 0.8224687 1.13667|0.3236355 0.09818554 0.4159617 0.8441538
-2.847965 0.8176846 1.153983|0.3223891 0.09522375 0.3966555 0.8542027
-2.861917 0.8224521 1.176375|0.324765 0.09571552 0.3799407 0.8608202
-2.872451 0.8257711 1.200383|0.3252327 0.09425176 0.3653837 0.8670843
-2.872451 0.8257711 1.200383|0.3252327 0.09425176 0.3653837 0.8670843
-2.882152 0.8262443 1.22453|0.3263431 0.09406217 0.3509031 0.8726509
-2.890524 0.824303 1.248864|0.3278221 0.09490385 0.336584 0.8776317
-2.897566 0.820248 1.273351|0.3297993 0.09700865 0.3222603 0.8820261
-2.904702 0.8133687 1.298424|0.3329748 0.1008658 0.3077417 0.8855785
-2.908214 0.8066958 1.324896|0.3370767 0.1056364 0.2964342 0.8873258
-2.906478 0.804144 1.348827|0.3436332 0.1102785 0.2875945 0.8871552
-2.906478 0.804144 1.348827|0.3436332 0.1102785 0.2875945 0.8871552
-2.902294 0.8001611 1.371593|0.3516545 0.1148048 0.2800913 0.8858374
-2.896775 0.7919869 1.393871|0.3605247 0.1192721 0.2733882 0.8837733
-2.889997 0.7794686 1.41571|0.3702511 0.1236637 0.2674228 0.8809692
-2.879086 0.7632342 1.435671|0.3807321 0.1299784 0.2610621 0.8774939
-2.862198 0.753584 1.450188|0.3898097 0.1344339 0.2557922 0.8743835
-2.862198 0.753584 1.450188|0.3898097 0.1344339 0.2557922 0.8743835
-2.843567 0.7525111 1.460964|0.3994191 0.1378416 0.2524244 0.8704861
-2.823768 0.7528635 1.469738|0.4093602 0.1408107 0.2500831 0.8660573
-2.80312 0.7524418 1.476983|0.4197164 0.1437103 0.2483663 0.8611038
-2.781549 0.7506347 1.48252|0.4303203 0.145584 0.247347 0.8558326
-2.758601 0.7474316 1.486275|0.4410659 0.1465039 0.2469812 0.8502928
-2.758601 0.7474316 1.486275|0.4410659 0.1465039 0.2469812 0.8502928
-2.734769 0.7428216 1.488398|0.4522038 0.1463828 0.2473347 0.8443398
-2.709561 0.7366782 1.488813|0.463609 0.1453391 0.2483349 0.8380174
-2.683278 0.7289159 1.487662|0.4754168 0.1432465 0.2500801 0.8312157
-2.659553 0.7213677 1.488925|0.4890643 0.1452397 0.251532 0.8224678
-2.638556 0.7123621 1.492245|0.5052225 0.1528843 0.2507536 0.8114798
-2.638556 0.7123621 1.492245|0.5052225 0.1528843 0.2507536 0.8114798
-2.617404 0.7020498 1.497753|0.5218936 0.1614936 0.2506862 0.7991893
-2.595131 0.6893787 1.504109|0.5392855 0.1718485 0.2499017 0.7856135
-2.579775 0.6852429 1.511317|0.5457074 0.1791484 0.2491831 0.7797546
-2.573117 0.6847794 1.519076|0.546797 0.1855585 0.2475039 0.7780251
-2.573099 0.6870235 1.526489|0.5471787 0.1904001 0.2445987 0.7775055
-2.573099 0.6870235 1.526489|0.5471787 0.1904001 0.2445987 0.7775055
-2.574323 0.6890855 1.533226|0.5470456 0.1941097 0.2419275 0.7775176
-2.574478 0.6905196 1.538619|0.5473076 0.1973422 0.2397816 0.7771843
-2.573688 0.6913977 1.542755|0.5478252 0.2001228 0.2381363 0.7766142
-2.572272 0.6921026 1.545575|0.5485547 0.2029687 0.2368967 0.7757394
-2.571095 0.6922476 1.547695|0.5492111 0.2049325 0.2360933 0.7750033
-2.571095 0.6922476 1.547695|0.5492111 0.2049325 0.2360933 0.7750033
-2.570372 0.6922827 1.549098|0.5496436 0.2060837 0.235596 0.7745426
-2.570056 0.6923226 1.549734|0.5498126 0.2065535 0.2353575 0.77437
-2.570101 0.6923245 1.549603|0.5497693 0.2064031 0.2354167 0.7744228
-2.570661 0.6921259 1.5488|0.5495223 0.2056428 0.2358428 0.7746707
-2.571141 0.6919829 1.546921|0.5492173 0.2044986 0.2364146 0.7750155
-2.571141 0.6919829 1.546921|0.5492173 0.2044986 0.2364146 0.7750155
-2.571853 0.6915993 1.544352|0.5487111 0.202625 0.2375217 0.7755275
-2.572857 0.6910434 1.540883|0.5480892 0.2002144 0.238885 0.7761744
-2.574118 0.6903268 1.536526|0.5472966 0.1971747 0.2405816 0.7769873
-2.575652 0.6894233 1.531252|0.5463184 0.1934699 0.2426298 0.7779697
-2.577451 0.6883037 1.525012|0.5451411 0.1890689 0.2450476 0.7791187
-2.577451 0.6883037 1.525012|0.5451411 0.1890689 0.2450476 0.7791187
-2.579508 0.6869223 1.517745|0.5437489 0.1839343 0.2478489 0.7804335
-2.581628 0.6854571 1.510216|0.5422738 0.1784912 0.2507866 0.7817841
-2.583509 0.6848768 1.505613|0.5416374 0.1758156 0.2525467 0.7822648
-2.584249 0.6850122 1.503422|0.5414595 0.1747618 0.2534788 0.7823225
-2.584579 0.684574 1.503019|0.5418147 0.1755858 0.2527861 0.7821163
-2.584579 0.684574 1.503019|0.5418147 0.1755858 0.2527861 0.7821163
-2.584097 0.6850404 1.503532|0.5420101 0.1759036 0.2525165 0.7819965
-2.583841 0.6847727 1.504831|0.5421653 0.176588 0.2521136 0.7818647
-2.583643 0.6851737 1.505666|0.5423825 0.1772747 0.251793 0.7816618
-2.583597 0.6849352 1.50625|0.5424391 0.1777663 0.2515483 0.7815898
-2.583625 0.6848437 1.506463|0.5424519 0.1779276 0.2514339 0.781581
-2.583625 0.6848437 1.506463|0.5424519 0.1779276 0.2514339 0.781581
-2.583656 0.684795 1.506386|0.5424156 0.1778786 0.2514252 0.7816203
-2.583729 0.6847727 1.506213|0.5423715 0.177743 0.2514851 0.7816623