-0.6400667 2.110916 -0.3508991|0.6902335 -0.1675604 0.6926171 0.1256302
-0.6439015 2.155705 -0.3651369|0.696007 -0.127666 0.6990608 0.1029069
-0.6847421 2.257796 -0.4072935|0.7256457 -0.09363441 0.675115 0.09429006
-0.6847421 2.257796 -0.4072935|0.7256457 -0.09363441 0.675115 0.09429006
-0.7338842 2.390448 -0.4547026|0.7414026 -0.07780651 0.6596417 0.09560972
-0.7811933 2.504894 -0.4975496|0.7591282 -0.06802224 0.6406404 0.09315183
-0.8286235 2.61124 -0.5402241|0.776247 -0.05819499 0.6211612 0.09062415
-0.8761847 2.709482 -0.5827461|0.7927477 -0.04833248 0.6012204 0.0880288
-0.9238805 2.799622 -0.6251168|0.8086194 -0.0384425 0.5808351 0.08536803
-0.9238805 2.799622 -0.6251168|0.8086194 -0.0384425 0.5808351 0.08536803
-0.9717256 2.881656 -0.6673412|0.8238514 -0.02853275 0.5600221 0.08264408
-1.019726 2.955583 -0.709438|0.8384343 -0.01861095 0.538799 0.07985924
-1.067887 3.021404 -0.7514171|0.8523585 -0.008684769 0.5171832 0.07701584
-1.116209 3.079113 -0.7932869|0.8656154 0.001238139 0.4951925 0.07411627
-1.16471 3.128716 -0.8350539|0.8781967 0.01115018 0.4728449 0.07116286
-1.16471 3.128716 -0.8350539|0.8781967 0.01115018 0.4728449 0.07116286
-1.213386 3.170209 -0.8767329|0.8900949 0.02104381 0.4501587 0.06815808
-1.262246 3.203594 -0.9183435|0.9013029 0.0309115 0.4271521 0.06510436
-1.311294 3.228871 -0.9598786|0.9118145 0.04074582 0.4038437 0.0620042
-1.360531 3.24604 -1.001364|0.9216235 0.05053938 0.3802521 0.05886007
-1.409963 3.255102 -1.042809|0.9307246 0.06028488 0.356396 0.0556745
-1.409963 3.255102 -1.042809|0.9307246 0.06028488 0.356396 0.0556745
-1.459588 3.256061 -1.084222|0.9391129 0.06997506 0.3322944 0.05245002
-1.509411 3.248917 -1.125621|0.9467844 0.07960276 0.3079662 0.04918922
-1.559433 3.23367 -1.167007|0.9537355 0.08916091 0.2834305 0.04589463
-1.609657 3.210325 -1.208404|0.959963 0.09864251 0.2587063 0.04256885
-1.660076 3.178882 -1.249819|0.9654642 0.1080406 0.2338128 0.03921447
-1.660076 3.178882 -1.249819|0.9654642 0.1080406 0.2338128 0.03921447
-1.710695 3.139347 -1.291253|0.9702375 0.1173485 0.2087692 0.03583409
-1.761512 3.091719 -1.332732|0.9742814 0.1265594 0.1835947 0.03243035
-1.81252 3.036003 -1.374267|0.9775949 0.1356668 0.1583086 0.02900581
-1.863729 2.972203 -1.415856|0.9801779 0.1446642 0.1329299 0.02556312
-1.91512 2.900323 -1.457524|0.9820305 0.1535451 0.1074779 0.0221049
-1.91512 2.900323 -1.457524|0.9820305 0.1535451 0.1074779 0.0221049
-1.966701 2.820365 -1.499274|0.9831538 0.1623034 0.08197177 0.01863376
-2.018466 2.732333 -1.541112|0.9835488 0.170933 0.0564305 0.01515231
-2.070406 2.636233 -1.58306|0.9832175 0.1794277 0.03087312 0.01166315
-2.12252 2.532066 -1.625118|0.9821624 0.1877818 0.005318552 0.008168893
-2.174799 2.41984 -1.667306|0.9803866 0.1959895 -0.02021441 0.004672133
-2.174799 2.41984 -1.667306|0.9803866 0.1959895 -0.02021441 0.004672133
-2.227241 2.299556 -1.709617|0.9778932 0.2040453 -0.04570694 0.001175435
-2.279842 2.171221 -1.752064|0.9746865 0.2119436 -0.07114057 -0.002318638
-2.332583 2.034839 -1.794668|0.9707708 0.2196792 -0.09649682 -0.005807511
-2.385471 1.890414 -1.83742|0.9661511 0.2272468 -0.1217573 -0.009288662
-2.438488 1.737953 -1.880333|0.9608329 0.2346415 -0.146904 -0.01275958
-2.491627 1.577458 -1.923419|0.9548223 0.2418585 -0.1719188 -0.01621776
-2.491627 1.577458 -1.923419|0.9548223 0.2418585 -0.1719188 -0.01621776
-2.571296 1.557398 -1.91763|0.9488878 0.2529554 -0.1887461 -0.0007791282
-2.651264 1.543651 -1.907248|0.9432985 0.2680616 -0.1952872 0.01392574
-2.730983 1.520842 -1.897109|0.9376502 0.2825069 -0.2002731 0.02988436
-2.81135 1.494207 -1.885283|0.9319059 0.297051 -0.2029146 0.04623669
-2.892426 1.463232 -1.872012|0.9256151 0.3121391 -0.2046663 0.06259028
-2.892426 1.463232 -1.872012|0.9256151 0.3121391 -0.2046663 0.06259028
-2.974083 1.426917 -1.857747|0.9184089 0.3279806 -0.2067335 0.07883692
-3.056301 1.384861 -1.842645|0.9102845 0.3444757 -0.209002 0.09506288
-3.139017 1.336688 -1.826875|0.9011222 0.361755 -0.2115009 0.1112639
-3.222082 1.281902 -1.81069|0.8908429 0.3798348 -0.2142028 0.127443
-3.305299 1.220078 -1.794318|0.8793378 0.398766 -0.2170855 0.1436136
-3.305299 1.220078 -1.794318|0.8793378 0.398766 -0.2170855 0.1436136
-3.388375 1.150702 -1.778054|0.8665083 0.4185547 -0.2201195 0.159759
-3.470922 1.073281 -1.76225|0.85223 0.4392295 -0.2232767 0.1758672
-3.552718 0.9875363 -1.747127|0.8365113 0.4606314 -0.2265526 0.1916814
-3.633735 0.8935798 -1.732715|0.8191648 0.4828911 -0.2299452 0.2071488
-3.713883 0.7913781 -1.7191|0.8002087 0.5058285 -0.2334086 0.2220905
-3.713883 0.7913781 -1.7191|0.8002087 0.5058285 -0.2334086 0.2220905
-3.793028 0.6809605 -1.706374|0.7795148 0.5294442 -0.2368797 0.236503
-3.871076 0.5623639 -1.694596|0.7570648 0.5535783 -0.2402848 0.2503345
-3.947895 0.4356603 -1.683861|0.7327324 0.5782273 -0.2435797 0.2634871
-4.023343 0.3009413 -1.674284|0.7063872 0.6033739 -0.2467102 0.2758468
-4.022883 0.2936288 -1.666612|0.7031354 0.6073613 -0.2510937 0.2714125
-4.022883 0.2936288 -1.666612|0.7031354 0.6073613 -0.2510937 0.2714125
-4.017677 0.2896439 -1.658859|0.7012054 0.6100578 -0.2570381 0.2647112
-4.012614 0.2863541 -1.64922|0.698412 0.61356 -0.2645304 0.2564929
-4.007122 0.2820275 -1.637975|0.6949254 0.617659 -0.2728794 0.2472109
-4.000777 0.2771139 -1.62515|0.6907957 0.6221901 -0.2824528 0.2364351
-3.993625 0.2710543 -1.610712|0.6858909 0.6271553 -0.2932864 0.2240831
-3.985582 0.2636278 -1.594582|0.6800857 0.6325247 -0.3054666 0.2099672
-3.985582 0.2636278 -1.594582|0.6800857 0.6325247 -0.3054666 0.2099672
-3.976969 0.2539388 -1.576691|0.6730654 0.6384347 -0.3189005 0.1941307
-3.96712 0.2424009 -1.557088|0.6649715 0.6444252 -0.3339964 0.1759997
-3.95727 0.228392 -1.536644|0.6556098 0.6507384 -0.3496834 0.1563228
-3.950466 0.2183009 -1.518092|0.6449971 0.6577719 -0.363371 0.1388397
-3.945707 0.2188441 -1.50878|0.6406259 0.6600475 -0.3702075 0.1299315
-3.945707 0.2188441 -1.50878|0.6406259 0.6600475 -0.3702075 0.1299315
-3.943093 0.2223207 -1.504821|0.6385574 0.6607421 -0.3741927 0.1250772
-3.942029 0.2240722 -1.503293|0.6377741 0.6609578 -0.375779 0.1231636
-3.942468 0.2236088 -1.50398|0.6380866 0.6608516 -0.3751877 0.1239147
-3.944458 0.2210687 -1.507014|0.6394549 0.6604003 -0.3725031 0.1273208
-3.947687 0.2164131 -1.511901|0.6417366 0.6596776 -0.3678702 0.1329337
-3.947687 0.2164131 -1.511901|0.6417366 0.6596776 -0.3678702 0.1329337
-3.94976 0.2156479 -1.51536|0.6431147 0.659041 -0.3654391 0.1360985
-3.950251 0.2151786 -1.516147|0.6434624 0.6588993 -0.3647705 0.1369325
-3.949887 0.2151095 -1.515651|0.6433387 0.6589431 -0.365054 0.1365467
-3.949522 0.2152409 -1.514965|0.6430582 0.6590959 -0.3654929 0.1359553
-3.949329 0.2153286 -1.514593|0.6428919 0.6591869 -0.3657454 0.1356209
-3.949329 0.2153286 -1.514593|0.6428919 0.6591869 -0.3657454 0.1356209
-3.949275 0.2153539 -1.514558|0.6428519 0.6592093 -0.3658052 0.135541
-3.949324 0.2153373 -1.514608|0.6428837 0.6591904 -0.3657601 0.1356036
-3.949372 0.2153179 -1.514649|0.6429127 0.6591747 -0.3657157 0.1356617
-3.949381 0.215312 -1.514669|0.6429214 0.6591704 -0.3657015 0.1356797
-3.949381 0.215312 -1.514669|0.6429217 0.6591705 -0.3657014 0.1356789
-3.949381 0.215312 -1.514669|0.6429217 0.6591705 -0.3657014 0.1356789
-3.949376 0.215314 -1.514659|0.6429191 0.6591717 -0.3657054 0.1356743
-3.949373 0.2153149 -1.514658|0.642916 0.6591734 -0.36571 0.1356677
-3.949373 0.2153159 -1.514658|0.6429163 0.6591732 -0.3657098 0.1356686
-3.949373 0.2153159 -1.514658|0.6429166 0.6591728 -0.3657092 0.1356697
-3.949373 0.2153159 -1.514658|0.6429167 0.6591731 -0.3657089 0.1356688
-3.949373 0.2153149 -1.514658|0.642917 0.6591728 -0.3657085 0.1356699
-3.949373 0.2153149 -1.514658|0.642917 0.6591728 -0.3657085 0.1356699
-3.949373 0.2153149 -1.514658|0.6429172 0.6591731 -0.3657084 0.1356686