0.41 1.45 0.96|0.8754537 0.06807687 -0.4407302 -0.1862886
0.3864792 1.456488 1.026728|0.8276106 0.06862272 -0.5382881 -0.1435189
0.3909915 1.458914 1.091164|0.7944152 0.04783716 -0.5927468 -0.1235615
0.3909915 1.458914 1.091164|0.7944152 0.04783716 -0.5927468 -0.1235615
0.3962528 1.452989 1.155446|0.7573678 0.02683841 -0.6442519 -0.1030198
0.4022652 1.438689 1.219682|0.7166609 0.00572962 -0.6925614 -0.08199569
0.4033084 1.416654 1.282303|0.6888664 -0.009566582 -0.7223454 -0.05990566
0.3974662 1.389157 1.343192|0.6880147 -0.01512715 -0.7247068 -0.03474709
0.3945065 1.352167 1.404531|0.6765328 -0.02471581 -0.7359212 -0.01061892
0.3945065 1.352167 1.404531|0.6765328 -0.02471581 -0.7359212 -0.01061892
0.3917218 1.306868 1.465865|0.664433 -0.03427189 -0.7464398 0.01349501
0.3891056 1.253263 1.527223|0.6517285 -0.04378658 -0.7562547 0.03757231
0.3866644 1.191353 1.588618|0.6384326 -0.05325121 -0.7653593 0.06159072
0.3843944 1.121143 1.650071|0.6245598 -0.06265713 -0.773747 0.08552815
0.3822872 1.042636 1.711614|0.6101244 -0.07199581 -0.781412 0.1093627
0.3822872 1.042636 1.711614|0.6101244 -0.07199581 -0.781412 0.1093627
0.3803477 0.9558395 1.773255|0.5951415 -0.08125887 -0.7883499 0.1330728
0.3785726 0.8607582 1.835012|0.5796264 -0.09043795 -0.794556 0.1566368
0.3769517 0.7574024 1.896911|0.5635952 -0.09952488 -0.8000271 0.1800335
0.3754882 0.6457782 1.958964|0.5470641 -0.1085116 -0.8047602 0.2032421
0.3774727 0.6626814 1.969651|0.4979684 -0.09315825 -0.8392655 0.1974394
0.3774727 0.6626814 1.969651|0.4979684 -0.09315825 -0.8392655 0.1974394
0.3795519 0.6698449 1.981532|0.4793574 -0.09134978 -0.8516449 0.1912401
0.3818856 0.6735892 1.992388|0.4643194 -0.09038887 -0.8611233 0.1862903
0.384488 0.6758704 2.001492|0.4605132 -0.09079669 -0.8641837 0.1813019
0.3868884 0.6779285 2.008416|0.4625899 -0.09163862 -0.8638653 0.1770592
0.3891645 0.6799018 2.013206|0.4681205 -0.09276043 -0.8614438 0.1737049
0.3891645 0.6799018 2.013206|0.4681205 -0.09276043 -0.8614438 0.1737049
0.3913594 0.6812571 2.01608|0.4744938 -0.09402221 -0.8582882 0.1713394
0.3934956 0.6819474 2.017089|0.4797285 -0.09535984 -0.8554719 0.1701031
0.3955914 0.6819503 2.016279|0.4828596 -0.09675651 -0.8535577 0.1700709
0.3976581 0.6812474 2.013655|0.4836098 -0.09823543 -0.8527268 0.1712557
0.3997169 0.6798191 2.009191|0.4826488 -0.09980749 -0.8526014 0.1736647
0.3997169 0.6798191 2.009191|0.4826488 -0.09980749 -0.8526014 0.1736647
0.4017714 0.677794 2.002823|0.4808763 -0.1015527 -0.8526759 0.1771694
0.4038383 0.6751401 1.994489|0.4789374 -0.1035229 -0.8525622 0.1817688
0.4059341 0.6717248 1.984156|0.4771965 -0.1057138 -0.8520254 0.1875124
0.4080692 0.6675073 1.971743|0.4757964 -0.108169 -0.8509575 0.1943935
0.4102549 0.662359 1.957189|0.4746409 -0.1109139 -0.8493659 0.202464
0.4102549 0.662359 1.957189|0.4746409 -0.1109139 -0.8493659 0.202464
0.4125256 0.6560298 1.940448|0.4719449 -0.1138334 -0.8481637 0.2119636
0.4148846 0.6482685 1.92148|0.4685387 -0.1169737 -0.8468302 0.2228621
0.4173507 0.6389378 1.90016|0.4650296 -0.1204082 -0.8449513 0.2351741
0.4189319 0.628175 1.877702|0.4594432 -0.123216 -0.843774 0.2485466
0.4187727 0.617197 1.861425|0.4413743 -0.1226099 -0.8498845 0.2604846
0.4208295 0.6089148 1.840079|0.4352043 -0.1251355 -0.8486406 0.2734002
0.4208295 0.6089148 1.840079|0.4352043 -0.1251355 -0.8486406 0.2734002
0.4237782 0.5970547 1.816816|0.4346918 -0.1292295 -0.8438214 0.2868944
0.4277551 0.5822477 1.791247|0.4372306 -0.1349473 -0.8365406 0.3013612
0.4327937 0.5643768 1.763292|0.439924 -0.1420194 -0.8280187 0.3173048
0.4388107 0.5431519 1.732865|0.4439375 -0.1505988 -0.8175038 0.3345555
0.4456419 0.5180522 1.700107|0.4449844 -0.1600754 -0.8069169 0.3539068
0.4456419 0.5180522 1.700107|0.4449844 -0.1600754 -0.8069169 0.3539068
0.4533164 0.4887642 1.664946|0.4467121 -0.1710379 -0.7941977 0.3747594
0.461143 0.4539882 1.628065|0.443873 -0.1818806 -0.7820053 0.3979498
0.4690905 0.4134612 1.589563|0.437308 -0.192764 -0.7694786 0.4236822
0.4772058 0.3665778 1.549899|0.4288688 -0.2042802 -0.755218 0.4516492
0.48539 0.3124627 1.510011|0.4193364 -0.2167706 -0.7384288 0.4815501
0.48539 0.3124627 1.510011|0.4193364 -0.2167706 -0.7384288 0.4815501
0.4934655 0.2503243 1.470976|0.4089391 -0.2304083 -0.7186213 0.5130931
0.5012122 0.179935 1.433294|0.3974018 -0.2450274 -0.6956798 0.5459515
0.5085549 0.1013607 1.397153|0.3838102 -0.2601424 -0.6697684 0.5800226
0.5189819 0.08489271 1.391514|0.4066553 -0.2875327 -0.6466566 0.5777473
0.5280649 0.08095456 1.391426|0.4285689 -0.3110031 -0.6288954 0.5692947
0.5280649 0.08095456 1.391426|0.4285689 -0.3110031 -0.6288954 0.5692947
0.5380477 0.07553755 1.39126|0.4430909 -0.3302103 -0.6148355 0.5626804
0.5479942 0.07073974 1.391511|0.4567289 -0.3487751 -0.6011383 0.5553265
0.5564998 0.06797865 1.392344|0.4715656 -0.3666382 -0.5873502 0.5460972
0.5647494 0.06406388 1.393459|0.4851462 -0.3831499 -0.5728827 0.5381774
0.5747704 0.05934104 1.394485|0.4951991 -0.3982048 -0.5609684 0.5305896
0.5747704 0.05934104 1.394485|0.4951991 -0.3982048 -0.5609684 0.5305896
0.5841013 0.05239649 1.39477|0.5033875 -0.4123729 -0.5493535 0.5241759
0.5914213 0.05157185 1.396282|0.5109983 -0.4222432 -0.5415 0.5170777
0.5977696 0.05203816 1.397977|0.5179005 -0.4304664 -0.5349043 0.5102503
0.6035153 0.05253174 1.39958|0.5241599 -0.4377933 -0.5288496 0.5038965
0.6088578 0.05289584 1.401068|0.5298443 -0.4445097 -0.523195 0.4979391
0.6139248 0.05314213 1.402454|0.5351656 -0.4508235 -0.5177303 0.4922514
0.6139248 0.05314213 1.402454|0.5351656 -0.4508235 -0.5177303 0.4922514
0.6188598 0.05330859 1.403785|0.5402181 -0.4569282 -0.5123503 0.4867015
0.6237849 0.05355975 1.40508|0.5451724 -0.4629672 -0.5068964 0.4811494
0.6287061 0.05325111 1.40681|0.5505917 -0.4686795 -0.5016739 0.4748808
0.6339808 0.05270394 1.408185|0.5557681 -0.4750583 -0.4956274 0.4688229
0.6396292 0.05221128 1.409729|0.5613092 -0.4817756 -0.4891521 0.4621197
0.6396292 0.05221128 1.409729|0.5613092 -0.4817756 -0.4891521 0.4621197
0.6458014 0.05156773 1.411422|0.5672675 -0.489047 -0.4819735 0.4546892
0.6526536 0.05066812 1.413274|0.5737384 -0.4970542 -0.4738432 0.4463565
0.6602842 0.04935182 1.415527|0.5810508 -0.5057349 -0.4647258 0.4366261
0.6689516 0.04751562 1.417981|0.5890619 -0.515538 -0.4540755 0.4254906
0.678814 0.04499597 1.420757|0.5979608 -0.5265667 -0.4416007 0.412504
0.678814 0.04499597 1.420757|0.5979608 -0.5265667 -0.4416007 0.412504
0.6900603 0.04153778 1.423927|0.607838 -0.538932 -0.4269314 0.3972593
0.7029115 0.03711965 1.427652|0.6188993 -0.5527264 -0.4095802 0.3790798
0.7174194 0.03049053 1.431535|0.6306072 -0.5683421 -0.3887883 0.3580025
0.7334033 0.02113636 1.436257|0.6434441 -0.5857771 -0.3644051 0.3317437
0.7467586 0.01237316 1.440312|0.6547425 -0.6003043 -0.340717 0.3079918
0.7467586 0.01237316 1.440312|0.6547425 -0.6003043 -0.340717 0.3079918
0.7530076 0.01104324 1.442426|0.6593958 -0.6056915 -0.3311665 0.2977648
0.7544029 0.01212974 1.44308|0.6611553 -0.6070611 -0.3282579 0.2942746
0.7532302 0.01166048 1.442634|0.6602163 -0.6061667 -0.3300199 0.2962489
0.7506202 0.0099139 1.441536|0.6576608 -0.60402 -0.334398 0.3013642
0.7486683 0.009533242 1.440764|0.6561847 -0.6025305 -0.33715 0.3044809
0.7486683 0.009533242 1.440764|0.6561847 -0.6025305 -0.33715 0.3044809
0.7480831 0.009542006 1.440497|0.6555862 -0.6020799 -0.3380969 0.3056094
0.7482663 0.009458279 1.440568|0.655695 -0.6022047 -0.3378859 0.3053635
0.7486156 0.009439779 1.440738|0.6559857 -0.6024247 -0.3374341 0.3048044
0.7488403 0.009443672 1.440816|0.656169 -0.602582 -0.3371232 0.3044425
0.7489079 0.009463144 1.440822|0.6562064 -0.6026508 -0.3370162 0.3043443
0.7488807 0.009447566 1.440829|0.6562115 -0.6026233 -0.3370422 0.304359
0.7488807 0.009447566 1.440829|0.6562115 -0.6026233 -0.3370422 0.304359
0.7488413 0.009437831 1.440824|0.6561906 -0.6025891 -0.3370971 0.3044109
0.7488156 0.009433936 1.440815|0.6561753 -0.602568 -0.3371328 0.3044462
0.7488101 0.009432963 1.440813|0.6561702 -0.6025617 -0.3371432 0.3044581
0.7488119 0.009432963 1.440814|0.6561722 -0.6025635 -0.33714 0.3044538
0.7488156 0.009433936 1.440815|0.6561748 -0.602567 -0.3371345 0.3044477
0.7488156 0.009433936 1.440815|0.6561748 -0.602567 -0.3371345 0.3044477
0.7488192 0.009433936 1.440817|0.6561761 -0.602569 -0.3371313 0.304444
0.748821 0.009433936 1.440817|0.6561771 -0.6025698 -0.3371294 0.3044426
0.7488192 0.009433936 1.440817|0.6561776 -0.6025701 -0.3371283 0.3044421
0.7488192 0.009433936 1.440817|0.6561764 -0.6025687 -0.3371309 0.3044444
0.7488192 0.009433936 1.440817|0.6561765 -0.602569 -0.3371306 0.3044438